service_id,exception_type,date
10,2,20241225
10,2,20241231
10,2,20250101
10,2,20250419
10,2,20250420
10,2,20250613
10,2,20250614
10,2,20250615
10,2,20250616
10,2,20250617
10,2,20250618
10,2,20250619
10,2,20250620
10,2,20250621
10,2,20250622
10,2,20250623
10,2,20250624
10,2,20250625
10,2,20250626
10,2,20250627
10,2,20250628
10,2,20250629
10,2,20250630
10,2,20250701
10,2,20250702
10,2,20250703
10,2,20250704
10,2,20250705
10,2,20250706
10,2,20250707
10,2,20250708
10,2,20250709
10,2,20250710
10,2,20250711
10,2,20250712
10,2,20250713
10,2,20250714
10,2,20250715
10,2,20250716
10,2,20250717
10,2,20250718
10,2,20250719
10,2,20250720
10,2,20250721
10,2,20250722
10,2,20250723
10,2,20250724
10,2,20250725
10,2,20250726
10,2,20250727
10,2,20250728
10,2,20250729
10,2,20250730
10,2,20250731
10,2,20250801
10,2,20250802
10,2,20250803
10,2,20250804
10,2,20250805
10,2,20250806
10,2,20250807
10,2,20250808
10,2,20250809
10,2,20250810
10,2,20250811
10,2,20250812
10,2,20250813
10,2,20250814
10,2,20250815
10,2,20250816
10,2,20250817
10,2,20250818
10,2,20250819
10,2,20250820
10,2,20250821
10,2,20250822
10,2,20250823
10,2,20250824
10,2,20250825
10,2,20250826
10,2,20250827
10,2,20250828
10,2,20250829
10,2,20250830
10,2,20250831
10,2,20250901
10,2,20250902
10,2,20250903
10,2,20250904
10,2,20250905
10,2,20250906
10,2,20250907
10,2,20250908
100,1,20250815
102,2,20241225
102,2,20250101
106,1,20250418
106,1,20250419
106,1,20250420
106,1,20250421
106,1,20250614
106,1,20250615
106,1,20250616
106,1,20250617
106,1,20250618
106,1,20250619
107,2,20241225
107,2,20241226
107,2,20250101
107,2,20250102
107,2,20250106
107,2,20250107
107,2,20250124
107,2,20250418
107,2,20250421
107,2,20250501
107,2,20250609
107,2,20250815
107,2,20251201
108,1,20241216
108,1,20241217
108,1,20241218
108,1,20241219
108,1,20241220
108,1,20250621
108,1,20250622
108,1,20250628
108,1,20250629
108,1,20250705
108,1,20250706
108,1,20250712
108,1,20250713
108,1,20250719
108,1,20250720
108,1,20250726
108,1,20250727
108,1,20250802
108,1,20250803
108,1,20250809
108,1,20250810
108,1,20250816
108,1,20250817
108,1,20250823
108,1,20250824
108,1,20250830
108,1,20250831
108,1,20250906
108,1,20250907
108,2,20250124
108,2,20250224
108,2,20250225
108,2,20250226
108,2,20250227
108,2,20250228
108,2,20250418
108,2,20250421
108,2,20250422
108,2,20250423
108,2,20250424
108,2,20250425
108,2,20250501
108,2,20250609
108,2,20251201
109,1,20250425
109,1,20250426
109,1,20250427
109,1,20250428
109,1,20250429
109,1,20250430
109,1,20250501
109,1,20250502
109,1,20250503
109,1,20250613
109,1,20250614
109,1,20250615
109,1,20250616
109,1,20250617
109,1,20250618
109,1,20250619
11,2,20241226
11,2,20241231
11,2,20250101
11,2,20250420
110,1,20241216
110,1,20241217
110,1,20241218
110,1,20241219
110,1,20241220
110,2,20250124
110,2,20250418
110,2,20250421
110,2,20250422
110,2,20250423
110,2,20250424
110,2,20250425
110,2,20250501
110,2,20250609
110,2,20250623
110,2,20250624
110,2,20250625
110,2,20250626
110,2,20250627
110,2,20250630
110,2,20250701
110,2,20250702
110,2,20250703
110,2,20250704
110,2,20250707
110,2,20250708
110,2,20250709
110,2,20250710
110,2,20250711
110,2,20250714
110,2,20250715
110,2,20250716
110,2,20250717
110,2,20250718
110,2,20250721
110,2,20250722
110,2,20250723
110,2,20250724
110,2,20250725
110,2,20250728
110,2,20250729
110,2,20250730
110,2,20250731
110,2,20250801
110,2,20250804
110,2,20250805
110,2,20250806
110,2,20250807
110,2,20250808
110,2,20250811
110,2,20250812
110,2,20250813
110,2,20250814
110,2,20250815
110,2,20250818
110,2,20250819
110,2,20250820
110,2,20250821
110,2,20250822
110,2,20250825
110,2,20250826
110,2,20250827
110,2,20250828
110,2,20250829
110,2,20250901
110,2,20250902
110,2,20250903
110,2,20250904
110,2,20250905
110,2,20251201
111,1,20241215
111,1,20241221
111,1,20241222
111,1,20241223
111,1,20241224
111,1,20241225
111,1,20241226
111,1,20241227
111,1,20241228
111,1,20241229
111,1,20241230
111,1,20241231
111,1,20250101
111,1,20250102
111,1,20250103
111,1,20250104
111,1,20250105
111,1,20250106
111,1,20250107
111,1,20250111
111,1,20250112
111,1,20250118
111,1,20250119
111,1,20250124
111,1,20250125
111,1,20250126
111,1,20250201
111,1,20250202
111,1,20250208
111,1,20250209
111,1,20250215
111,1,20250216
111,1,20250222
111,1,20250223
111,1,20250301
111,1,20250302
111,1,20250308
111,1,20250309
111,1,20250315
111,1,20250316
111,1,20250322
111,1,20250323
111,1,20250329
111,1,20250330
111,1,20250405
111,1,20250406
111,1,20250412
111,1,20250413
111,1,20250418
111,1,20250419
111,1,20250907
111,1,20250913
111,1,20250914
111,1,20250920
111,1,20250921
111,1,20250927
111,1,20250928
111,1,20251004
111,1,20251005
111,1,20251011
111,1,20251012
111,1,20251018
111,1,20251019
111,1,20251025
111,1,20251026
111,1,20251101
111,1,20251102
111,1,20251108
111,1,20251109
111,1,20251115
111,1,20251116
111,1,20251122
111,1,20251123
111,1,20251129
111,1,20251130
111,1,20251201
111,1,20251206
111,1,20251207
111,1,20251213
111,2,20250528
111,2,20250529
111,2,20250530
111,2,20250602
111,2,20250603
111,2,20250604
111,2,20250605
111,2,20250606
111,2,20250610
111,2,20250611
111,2,20250612
111,2,20250613
111,2,20250616
111,2,20250617
111,2,20250618
111,2,20250619
111,2,20250620
112,1,20241216
112,1,20241217
112,1,20241218
112,1,20241219
112,1,20241220
112,2,20250124
112,2,20250418
112,2,20250421
112,2,20250422
112,2,20250423
112,2,20250424
112,2,20250425
112,2,20250501
112,2,20250609
112,2,20250623
112,2,20250624
112,2,20250625
112,2,20250626
112,2,20250627
112,2,20250630
112,2,20250701
112,2,20250702
112,2,20250703
112,2,20250704
112,2,20250707
112,2,20250708
112,2,20250709
112,2,20250710
112,2,20250711
112,2,20250714
112,2,20250715
112,2,20250716
112,2,20250717
112,2,20250718
112,2,20250721
112,2,20250722
112,2,20250723
112,2,20250724
112,2,20250725
112,2,20250728
112,2,20250729
112,2,20250730
112,2,20250731
112,2,20250801
112,2,20250804
112,2,20250805
112,2,20250806
112,2,20250807
112,2,20250808
112,2,20250811
112,2,20250812
112,2,20250813
112,2,20250814
112,2,20250815
112,2,20250818
112,2,20250819
112,2,20250820
112,2,20250821
112,2,20250822
112,2,20250825
112,2,20250826
112,2,20250827
112,2,20250828
112,2,20250829
112,2,20250901
112,2,20250902
112,2,20250903
112,2,20250904
112,2,20250905
112,2,20251201
113,1,20241216
113,1,20241217
113,1,20241218
113,1,20241219
113,1,20241220
113,2,20250124
113,2,20250418
113,2,20250421
113,2,20250422
113,2,20250423
113,2,20250424
113,2,20250425
113,2,20250501
113,2,20250609
113,2,20250623
113,2,20250624
113,2,20250625
113,2,20250626
113,2,20250627
113,2,20250630
113,2,20250701
113,2,20250702
113,2,20250703
113,2,20250704
113,2,20250707
113,2,20250708
113,2,20250709
113,2,20250710
113,2,20250711
113,2,20250714
113,2,20250715
113,2,20250716
113,2,20250717
113,2,20250718
113,2,20250721
113,2,20250722
113,2,20250723
113,2,20250724
113,2,20250725
113,2,20250728
113,2,20250729
113,2,20250730
113,2,20250731
113,2,20250801
113,2,20250804
113,2,20250805
113,2,20250806
113,2,20250807
113,2,20250808
113,2,20250811
113,2,20250812
113,2,20250813
113,2,20250814
113,2,20250815
113,2,20250818
113,2,20250819
113,2,20250820
113,2,20250821
113,2,20250822
113,2,20250825
113,2,20250826
113,2,20250827
113,2,20250828
113,2,20250829
113,2,20250901
113,2,20250902
113,2,20250903
113,2,20250904
113,2,20250905
113,2,20251201
114,2,20250616
114,2,20250617
114,2,20250618
114,2,20250619
114,2,20250620
114,2,20250623
114,2,20250624
114,2,20250625
114,2,20250626
114,2,20250627
114,2,20250630
114,2,20250701
114,2,20250702
114,2,20250703
114,2,20250704
114,2,20250707
114,2,20250708
114,2,20250709
114,2,20250710
114,2,20250711
114,2,20250714
114,2,20250715
114,2,20250716
114,2,20250717
114,2,20250718
114,2,20250721
114,2,20250722
114,2,20250723
114,2,20250724
114,2,20250725
114,2,20250728
114,2,20250729
114,2,20250730
114,2,20250731
114,2,20250801
114,2,20250804
114,2,20250805
114,2,20250806
114,2,20250807
114,2,20250808
114,2,20250811
114,2,20250812
114,2,20250813
114,2,20250814
114,2,20250815
114,2,20250818
114,2,20250819
114,2,20250820
114,2,20250821
114,2,20250822
114,2,20250825
114,2,20250826
114,2,20250827
114,2,20250828
114,2,20250829
114,2,20250901
114,2,20250902
114,2,20250903
114,2,20250904
114,2,20250905
115,1,20241216
115,1,20241217
115,1,20241218
115,1,20241219
115,1,20241220
115,2,20250124
115,2,20250418
115,2,20250421
115,2,20250422
115,2,20250423
115,2,20250424
115,2,20250425
115,2,20250501
115,2,20250609
115,2,20250623
115,2,20250624
115,2,20250625
115,2,20250626
115,2,20250627
115,2,20250630
115,2,20250701
115,2,20250702
115,2,20250703
115,2,20250704
115,2,20250707
115,2,20250708
115,2,20250709
115,2,20250710
115,2,20250711
115,2,20250714
115,2,20250715
115,2,20250716
115,2,20250717
115,2,20250718
115,2,20250721
115,2,20250722
115,2,20250723
115,2,20250724
115,2,20250725
115,2,20250728
115,2,20250729
115,2,20250730
115,2,20250731
115,2,20250801
115,2,20250804
115,2,20250805
115,2,20250806
115,2,20250807
115,2,20250808
115,2,20250811
115,2,20250812
115,2,20250813
115,2,20250814
115,2,20250815
115,2,20250818
115,2,20250819
115,2,20250820
115,2,20250821
115,2,20250822
115,2,20250825
115,2,20250826
115,2,20250827
115,2,20250828
115,2,20250829
115,2,20250901
115,2,20250902
115,2,20250903
115,2,20250904
115,2,20250905
115,2,20251201
116,2,20241226
116,2,20250101
117,2,20250815
119,2,20250418
119,2,20250419
119,2,20250420
119,2,20250421
119,2,20250614
119,2,20250615
119,2,20250616
119,2,20250617
119,2,20250618
119,2,20250619
119,2,20250620
119,2,20250621
119,2,20250622
119,2,20250623
119,2,20250624
119,2,20250625
119,2,20250626
119,2,20250627
119,2,20250628
119,2,20250629
119,2,20250630
119,2,20250701
119,2,20250702
119,2,20250703
119,2,20250704
119,2,20250705
119,2,20250706
119,2,20250707
119,2,20250708
119,2,20250709
119,2,20250710
119,2,20250711
119,2,20250712
119,2,20250713
119,2,20250714
119,2,20250715
119,2,20250716
119,2,20250717
119,2,20250718
119,2,20250719
119,2,20250720
119,2,20250721
119,2,20250722
119,2,20250723
119,2,20250724
119,2,20250725
119,2,20250726
119,2,20250727
119,2,20250728
119,2,20250729
119,2,20250730
119,2,20250731
119,2,20250801
119,2,20250802
119,2,20250803
119,2,20250804
119,2,20250805
119,2,20250806
119,2,20250807
119,2,20250808
119,2,20250809
119,2,20250810
119,2,20250811
119,2,20250812
119,2,20250813
119,2,20250814
119,2,20250815
119,2,20250816
119,2,20250817
119,2,20250818
119,2,20250819
119,2,20250820
119,2,20250821
119,2,20250822
119,2,20250823
119,2,20250824
119,2,20250825
119,2,20250826
119,2,20250827
119,2,20250828
119,2,20250829
119,2,20250830
119,2,20250831
119,2,20250901
119,2,20250902
119,2,20250903
119,2,20250904
119,2,20250905
119,2,20250906
119,2,20250907
12,2,20241225
12,2,20241231
12,2,20250101
12,2,20250419
12,2,20250420
12,2,20250612
12,2,20250613
12,2,20250614
12,2,20250615
12,2,20250616
12,2,20250617
12,2,20250618
12,2,20250619
12,2,20250620
12,2,20250621
12,2,20250622
12,2,20250623
12,2,20250624
12,2,20250625
12,2,20250626
12,2,20250627
12,2,20250628
12,2,20250629
12,2,20250630
12,2,20250701
12,2,20250702
12,2,20250703
12,2,20250704
12,2,20250705
12,2,20250706
12,2,20250707
12,2,20250708
12,2,20250709
12,2,20250710
12,2,20250711
12,2,20250712
12,2,20250713
12,2,20250714
12,2,20250715
12,2,20250716
12,2,20250717
12,2,20250718
12,2,20250719
12,2,20250720
12,2,20250721
12,2,20250722
12,2,20250723
12,2,20250724
12,2,20250725
12,2,20250726
12,2,20250727
12,2,20250728
12,2,20250729
12,2,20250730
12,2,20250731
12,2,20250801
12,2,20250802
12,2,20250803
12,2,20250804
12,2,20250805
12,2,20250806
12,2,20250807
12,2,20250808
12,2,20250809
12,2,20250810
12,2,20250811
12,2,20250812
12,2,20250813
12,2,20250814
12,2,20250815
12,2,20250816
12,2,20250817
12,2,20250818
12,2,20250819
12,2,20250820
12,2,20250821
12,2,20250822
12,2,20250823
12,2,20250824
12,2,20250825
12,2,20250826
12,2,20250827
12,2,20250828
12,2,20250829
12,2,20250830
12,2,20250831
12,2,20250901
12,2,20250902
12,2,20250903
12,2,20250904
12,2,20250905
12,2,20250906
12,2,20250907
120,2,20241225
120,2,20241226
120,2,20250101
120,2,20250102
120,2,20250418
120,2,20250421
121,1,20241216
121,1,20241217
121,1,20241218
121,1,20241219
121,1,20241220
121,2,20250124
121,2,20250224
121,2,20250225
121,2,20250226
121,2,20250227
121,2,20250228
121,2,20250418
121,2,20250421
121,2,20250422
121,2,20250423
121,2,20250424
121,2,20250425
121,2,20250501
121,2,20250609
121,2,20250623
121,2,20250624
121,2,20250625
121,2,20250626
121,2,20250627
121,2,20250630
121,2,20250701
121,2,20250702
121,2,20250703
121,2,20250704
121,2,20250707
121,2,20250708
121,2,20250709
121,2,20250710
121,2,20250711
121,2,20250714
121,2,20250715
121,2,20250716
121,2,20250717
121,2,20250718
121,2,20250721
121,2,20250722
121,2,20250723
121,2,20250724
121,2,20250725
121,2,20250728
121,2,20250729
121,2,20250730
121,2,20250731
121,2,20250801
121,2,20250804
121,2,20250805
121,2,20250806
121,2,20250807
121,2,20250808
121,2,20250811
121,2,20250812
121,2,20250813
121,2,20250814
121,2,20250815
121,2,20250818
121,2,20250819
121,2,20250820
121,2,20250821
121,2,20250822
121,2,20250825
121,2,20250826
121,2,20250827
121,2,20250828
121,2,20250829
121,2,20250901
121,2,20250902
121,2,20250903
121,2,20250904
121,2,20250905
121,2,20251201
122,1,20251014
122,1,20251015
122,1,20251016
122,1,20251017
122,1,20251018
122,1,20251019
122,1,20251020
122,1,20251021
122,1,20251022
122,1,20251023
122,1,20251024
122,1,20251025
122,1,20251026
122,1,20251027
122,1,20251028
122,1,20251029
122,1,20251030
122,1,20251031
122,1,20251101
122,1,20251102
122,1,20251103
122,1,20251104
122,1,20251105
122,1,20251106
122,1,20251107
122,1,20251108
122,1,20251109
122,1,20251110
122,1,20251111
122,1,20251112
122,1,20251113
122,1,20251114
122,1,20251115
122,1,20251116
122,1,20251117
122,1,20251118
122,1,20251119
122,1,20251120
122,1,20251121
122,1,20251122
122,1,20251123
122,1,20251124
122,1,20251125
122,1,20251126
122,1,20251127
122,1,20251128
122,1,20251129
122,1,20251130
122,1,20251201
122,1,20251202
122,1,20251203
122,1,20251204
122,1,20251205
122,1,20251206
122,1,20251207
122,1,20251208
122,1,20251209
122,1,20251210
122,1,20251211
122,1,20251212
122,1,20251213
123,2,20241225
123,2,20241226
123,2,20250101
123,2,20250102
123,2,20250106
123,2,20250107
123,2,20250124
123,2,20250418
123,2,20250421
123,2,20250501
123,2,20250609
123,2,20250815
123,2,20251201
124,1,20251115
124,2,20241225
124,2,20241226
124,2,20250101
124,2,20250102
124,2,20250106
124,2,20250107
124,2,20250124
124,2,20250418
124,2,20250421
124,2,20250501
124,2,20250609
124,2,20250815
124,2,20251114
124,2,20251201
126,1,20241216
126,1,20241217
126,1,20241218
126,1,20241219
126,1,20241220
126,2,20250124
126,2,20250418
126,2,20250421
126,2,20250422
126,2,20250423
126,2,20250424
126,2,20250425
126,2,20250501
126,2,20250609
126,2,20250623
126,2,20250624
126,2,20250625
126,2,20250626
126,2,20250627
126,2,20250630
126,2,20250701
126,2,20250702
126,2,20250703
126,2,20250704
126,2,20250707
126,2,20250708
126,2,20250709
126,2,20250710
126,2,20250711
126,2,20250714
126,2,20250715
126,2,20250716
126,2,20250717
126,2,20250718
126,2,20250721
126,2,20250722
126,2,20250723
126,2,20250724
126,2,20250725
126,2,20250728
126,2,20250729
126,2,20250730
126,2,20250731
126,2,20250801
126,2,20250804
126,2,20250805
126,2,20250806
126,2,20250807
126,2,20250808
126,2,20250811
126,2,20250812
126,2,20250813
126,2,20250814
126,2,20250815
126,2,20250818
126,2,20250819
126,2,20250820
126,2,20250821
126,2,20250822
126,2,20250825
126,2,20250826
126,2,20250827
126,2,20250828
126,2,20250829
126,2,20250901
126,2,20250902
126,2,20250903
126,2,20250904
126,2,20250905
126,2,20251201
127,2,20250425
127,2,20250426
127,2,20250427
127,2,20250428
127,2,20250429
127,2,20250430
127,2,20250501
127,2,20250502
127,2,20250503
128,2,20241222
128,2,20241225
128,2,20241226
128,2,20241229
128,2,20250101
128,2,20250102
128,2,20250106
128,2,20250107
128,2,20250124
128,2,20250418
128,2,20250421
128,2,20250501
128,2,20250609
128,2,20250815
128,2,20251201
129,1,20250727
129,2,20241225
129,2,20241226
129,2,20250101
129,2,20250102
129,2,20250106
129,2,20250107
129,2,20250124
129,2,20250418
129,2,20250421
129,2,20250501
129,2,20250609
129,2,20250627
129,2,20250815
129,2,20251201
130,1,20250531
130,1,20250613
130,1,20250614
130,1,20250615
130,1,20250616
130,1,20250617
130,1,20250618
130,1,20250619
130,1,20250620
131,2,20241225
131,2,20241226
131,2,20250101
131,2,20250102
131,2,20250106
131,2,20250107
131,2,20250124
131,2,20250418
131,2,20250421
131,2,20250501
131,2,20250609
131,2,20250616
131,2,20250617
131,2,20250618
131,2,20250619
131,2,20250620
131,2,20250623
131,2,20250624
131,2,20250625
131,2,20250626
131,2,20250627
131,2,20250630
131,2,20250701
131,2,20250702
131,2,20250703
131,2,20250704
131,2,20250707
131,2,20250708
131,2,20250709
131,2,20250710
131,2,20250711
131,2,20250714
131,2,20250715
131,2,20250716
131,2,20250717
131,2,20250718
131,2,20250721
131,2,20250722
131,2,20250723
131,2,20250724
131,2,20250725
131,2,20250728
131,2,20250729
131,2,20250730
131,2,20250731
131,2,20250801
131,2,20250804
131,2,20250805
131,2,20250806
131,2,20250807
131,2,20250808
131,2,20250811
131,2,20250812
131,2,20250813
131,2,20250814
131,2,20250815
131,2,20250818
131,2,20250819
131,2,20250820
131,2,20250821
131,2,20250822
131,2,20250825
131,2,20250826
131,2,20250827
131,2,20250828
131,2,20250829
131,2,20250901
131,2,20250902
131,2,20250903
131,2,20250904
131,2,20250905
131,2,20251201
132,2,20250613
132,2,20250614
132,2,20250615
132,2,20250616
132,2,20250617
132,2,20250618
132,2,20250619
132,2,20250620
132,2,20250621
132,2,20250622
132,2,20250623
132,2,20250624
132,2,20250625
132,2,20250626
132,2,20250627
132,2,20250628
132,2,20250629
132,2,20250630
132,2,20250701
132,2,20250702
132,2,20250703
132,2,20250704
132,2,20250705
132,2,20250706
132,2,20250707
132,2,20250708
132,2,20250709
132,2,20250710
132,2,20250711
132,2,20250712
132,2,20250713
132,2,20250714
132,2,20250715
132,2,20250716
132,2,20250717
132,2,20250718
132,2,20250719
132,2,20250720
132,2,20250721
132,2,20250722
132,2,20250723
132,2,20250724
132,2,20250725
132,2,20250726
132,2,20250727
132,2,20250728
132,2,20250729
132,2,20250730
132,2,20250731
132,2,20250801
132,2,20250802
132,2,20250803
132,2,20250804
132,2,20250805
132,2,20250806
132,2,20250807
132,2,20250808
132,2,20250809
132,2,20250810
132,2,20250811
132,2,20250812
132,2,20250813
132,2,20250814
132,2,20250815
132,2,20250816
132,2,20250817
132,2,20250818
132,2,20250819
132,2,20250820
132,2,20250821
132,2,20250822
132,2,20250823
132,2,20250824
132,2,20250825
132,2,20250826
132,2,20250827
132,2,20250828
132,2,20250829
132,2,20250830
132,2,20250831
132,2,20250901
132,2,20250902
132,2,20250903
132,2,20250904
132,2,20250905
132,2,20250906
134,2,20241225
134,2,20241226
134,2,20250101
134,2,20250102
134,2,20250106
134,2,20250107
134,2,20250124
134,2,20250418
134,2,20250421
134,2,20250501
134,2,20250609
134,2,20250815
134,2,20251201
135,2,20250421
136,2,20250616
136,2,20250617
136,2,20250618
136,2,20250619
136,2,20250620
136,2,20250623
136,2,20250624
136,2,20250625
136,2,20250626
136,2,20250627
136,2,20250630
136,2,20250701
136,2,20250702
136,2,20250703
136,2,20250704
136,2,20250707
136,2,20250708
136,2,20250709
136,2,20250710
136,2,20250711
136,2,20250714
136,2,20250715
136,2,20250716
136,2,20250717
136,2,20250718
136,2,20250721
136,2,20250722
136,2,20250723
136,2,20250724
136,2,20250725
136,2,20250728
136,2,20250729
136,2,20250730
136,2,20250731
136,2,20250801
136,2,20250804
136,2,20250805
136,2,20250806
136,2,20250807
136,2,20250808
136,2,20250811
136,2,20250812
136,2,20250813
136,2,20250814
136,2,20250818
136,2,20250819
136,2,20250820
136,2,20250821
136,2,20250822
136,2,20250825
136,2,20250826
136,2,20250827
136,2,20250828
136,2,20250829
136,2,20250901
136,2,20250902
136,2,20250903
136,2,20250904
136,2,20250905
137,2,20241225
137,2,20241226
137,2,20250101
137,2,20250102
137,2,20250418
137,2,20250421
138,1,20241221
138,1,20241222
138,2,20241225
138,2,20241226
138,2,20250101
138,2,20250102
138,2,20250106
138,2,20250107
138,2,20250124
138,2,20250418
138,2,20250421
138,2,20250501
138,2,20250609
138,2,20250815
138,2,20251010
138,2,20251201
138,2,20251205
139,2,20241225
139,2,20241226
139,2,20250101
139,2,20250102
139,2,20250421
140,1,20241216
140,1,20241217
140,1,20241218
140,1,20241219
140,1,20241220
140,2,20250124
140,2,20250418
140,2,20250421
140,2,20250422
140,2,20250423
140,2,20250424
140,2,20250425
140,2,20250501
140,2,20250609
140,2,20250623
140,2,20250624
140,2,20250625
140,2,20250626
140,2,20250627
140,2,20250630
140,2,20250701
140,2,20250702
140,2,20250703
140,2,20250704
140,2,20250707
140,2,20250708
140,2,20250709
140,2,20250710
140,2,20250711
140,2,20250714
140,2,20250715
140,2,20250716
140,2,20250717
140,2,20250718
140,2,20250721
140,2,20250722
140,2,20250723
140,2,20250724
140,2,20250725
140,2,20250728
140,2,20250729
140,2,20250730
140,2,20250731
140,2,20250801
140,2,20250804
140,2,20250805
140,2,20250806
140,2,20250807
140,2,20250808
140,2,20250811
140,2,20250812
140,2,20250813
140,2,20250814
140,2,20250815
140,2,20250818
140,2,20250819
140,2,20250820
140,2,20250821
140,2,20250822
140,2,20250825
140,2,20250826
140,2,20250827
140,2,20250828
140,2,20250829
140,2,20250901
140,2,20250902
140,2,20250903
140,2,20250904
140,2,20250905
140,2,20251201
142,2,20250616
142,2,20250617
142,2,20250618
142,2,20250619
142,2,20250620
142,2,20250621
142,2,20250623
142,2,20250624
142,2,20250625
142,2,20250626
142,2,20250627
142,2,20250628
142,2,20250630
142,2,20250701
142,2,20250702
142,2,20250703
142,2,20250704
142,2,20250705
142,2,20250707
142,2,20250708
142,2,20250709
142,2,20250710
142,2,20250711
142,2,20250712
142,2,20250714
142,2,20250715
142,2,20250716
142,2,20250717
142,2,20250718
142,2,20250719
142,2,20250721
142,2,20250722
142,2,20250723
142,2,20250724
142,2,20250725
142,2,20250726
142,2,20250728
142,2,20250729
142,2,20250730
142,2,20250731
142,2,20250801
142,2,20250802
142,2,20250804
142,2,20250805
142,2,20250806
142,2,20250807
142,2,20250808
142,2,20250809
142,2,20250811
142,2,20250812
142,2,20250813
142,2,20250814
142,2,20250815
142,2,20250816
142,2,20250818
142,2,20250819
142,2,20250820
142,2,20250821
142,2,20250822
142,2,20250823
142,2,20250825
142,2,20250826
142,2,20250827
142,2,20250828
142,2,20250829
142,2,20250830
142,2,20250901
142,2,20250902
142,2,20250903
142,2,20250904
142,2,20250905
143,1,20241216
143,1,20241217
143,1,20241218
143,1,20241219
143,1,20241220
143,2,20250124
143,2,20250418
143,2,20250421
143,2,20250422
143,2,20250423
143,2,20250424
143,2,20250425
143,2,20250501
143,2,20250609
143,2,20250623
143,2,20250624
143,2,20250625
143,2,20250626
143,2,20250627
143,2,20250630
143,2,20250701
143,2,20250702
143,2,20250703
143,2,20250704
143,2,20250707
143,2,20250708
143,2,20250709
143,2,20250710
143,2,20250711
143,2,20250714
143,2,20250715
143,2,20250716
143,2,20250717
143,2,20250718
143,2,20250721
143,2,20250722
143,2,20250723
143,2,20250724
143,2,20250725
143,2,20250728
143,2,20250729
143,2,20250730
143,2,20250731
143,2,20250801
143,2,20250804
143,2,20250805
143,2,20250806
143,2,20250807
143,2,20250808
143,2,20250811
143,2,20250812
143,2,20250813
143,2,20250814
143,2,20250815
143,2,20250818
143,2,20250819
143,2,20250820
143,2,20250821
143,2,20250822
143,2,20250825
143,2,20250826
143,2,20250827
143,2,20250828
143,2,20250829
143,2,20250901
143,2,20250902
143,2,20250903
143,2,20250904
143,2,20250905
143,2,20251201
144,2,20241225
144,2,20241231
145,2,20241222
145,2,20241225
145,2,20241226
145,2,20241229
145,2,20250101
145,2,20250102
145,2,20250106
145,2,20250107
145,2,20250124
145,2,20250418
145,2,20250421
145,2,20250501
145,2,20250609
145,2,20250815
145,2,20251201
146,2,20251201
148,2,20250614
148,2,20250615
148,2,20250616
148,2,20250617
148,2,20250618
148,2,20250619
148,2,20250620
148,2,20250621
148,2,20250622
148,2,20250623
148,2,20250624
148,2,20250625
148,2,20250626
148,2,20250627
148,2,20250628
148,2,20250629
148,2,20250630
148,2,20250701
148,2,20250702
148,2,20250703
148,2,20250704
148,2,20250705
148,2,20250706
148,2,20250707
148,2,20250708
148,2,20250709
148,2,20250710
148,2,20250711
148,2,20250712
148,2,20250713
148,2,20250714
148,2,20250715
148,2,20250716
148,2,20250717
148,2,20250718
148,2,20250719
148,2,20250720
148,2,20250721
148,2,20250722
148,2,20250723
148,2,20250724
148,2,20250725
148,2,20250726
148,2,20250727
148,2,20250728
148,2,20250729
148,2,20250730
148,2,20250731
148,2,20250801
148,2,20250802
148,2,20250803
148,2,20250804
148,2,20250805
148,2,20250806
148,2,20250807
148,2,20250808
148,2,20250809
148,2,20250810
148,2,20250811
148,2,20250812
148,2,20250813
148,2,20250814
148,2,20250815
148,2,20250816
148,2,20250817
148,2,20250818
148,2,20250819
148,2,20250820
148,2,20250821
148,2,20250822
148,2,20250823
148,2,20250824
148,2,20250825
148,2,20250826
148,2,20250827
148,2,20250828
148,2,20250829
148,2,20250830
148,2,20250831
148,2,20250901
148,2,20250902
148,2,20250903
148,2,20250904
148,2,20250905
148,2,20250906
148,2,20250907
149,1,20241220
149,1,20251003
149,1,20251010
149,1,20251017
149,1,20251024
149,1,20251031
149,1,20251107
149,1,20251114
149,1,20251121
149,1,20251128
149,1,20251205
149,1,20251212
150,1,20241216
150,1,20241217
150,1,20241218
150,1,20241219
150,1,20241220
150,2,20250124
150,2,20250224
150,2,20250225
150,2,20250226
150,2,20250227
150,2,20250228
150,2,20250418
150,2,20250421
150,2,20250422
150,2,20250423
150,2,20250424
150,2,20250425
150,2,20250501
150,2,20250609
150,2,20250623
150,2,20250624
150,2,20250625
150,2,20250626
150,2,20250627
150,2,20250630
150,2,20250701
150,2,20250702
150,2,20250703
150,2,20250704
150,2,20250707
150,2,20250708
150,2,20250709
150,2,20250710
150,2,20250711
150,2,20250714
150,2,20250715
150,2,20250716
150,2,20250717
150,2,20250718
150,2,20250721
150,2,20250722
150,2,20250723
150,2,20250724
150,2,20250725
150,2,20250728
150,2,20250729
150,2,20250730
150,2,20250731
150,2,20250801
150,2,20250804
150,2,20250805
150,2,20250806
150,2,20250807
150,2,20250808
150,2,20250811
150,2,20250812
150,2,20250813
150,2,20250814
150,2,20250815
150,2,20250818
150,2,20250819
150,2,20250820
150,2,20250821
150,2,20250822
150,2,20250825
150,2,20250826
150,2,20250827
150,2,20250828
150,2,20250829
150,2,20250901
150,2,20250902
150,2,20250903
150,2,20250904
150,2,20250905
150,2,20251201
151,2,20241225
151,2,20241226
151,2,20250101
151,2,20250102
151,2,20250106
151,2,20250107
151,2,20250124
151,2,20250418
151,2,20250421
151,2,20250501
151,2,20250609
151,2,20250815
151,2,20251201
152,1,20241216
152,1,20241217
152,1,20241218
152,1,20241219
152,1,20241220
152,2,20250124
152,2,20250418
152,2,20250421
152,2,20250422
152,2,20250423
152,2,20250424
152,2,20250425
152,2,20250501
152,2,20250609
152,2,20250623
152,2,20250624
152,2,20250625
152,2,20250626
152,2,20250627
152,2,20250630
152,2,20250701
152,2,20250702
152,2,20250703
152,2,20250704
152,2,20250707
152,2,20250708
152,2,20250709
152,2,20250710
152,2,20250711
152,2,20250714
152,2,20250715
152,2,20250716
152,2,20250717
152,2,20250718
152,2,20250721
152,2,20250722
152,2,20250723
152,2,20250724
152,2,20250725
152,2,20250728
152,2,20250729
152,2,20250730
152,2,20250731
152,2,20250801
152,2,20250804
152,2,20250805
152,2,20250806
152,2,20250807
152,2,20250808
152,2,20250811
152,2,20250812
152,2,20250813
152,2,20250814
152,2,20250815
152,2,20250818
152,2,20250819
152,2,20250820
152,2,20250821
152,2,20250822
152,2,20250825
152,2,20250826
152,2,20250827
152,2,20250828
152,2,20250829
152,2,20250901
152,2,20250902
152,2,20250903
152,2,20250904
152,2,20250905
152,2,20251201
153,1,20241216
153,1,20241217
153,1,20241218
153,1,20241219
153,1,20241220
153,2,20250124
153,2,20250418
153,2,20250421
153,2,20250422
153,2,20250423
153,2,20250424
153,2,20250425
153,2,20250501
153,2,20250609
153,2,20250623
153,2,20250624
153,2,20250625
153,2,20250626
153,2,20250627
153,2,20250630
153,2,20250701
153,2,20250702
153,2,20250703
153,2,20250704
153,2,20250707
153,2,20250708
153,2,20250709
153,2,20250710
153,2,20250711
153,2,20250714
153,2,20250715
153,2,20250716
153,2,20250717
153,2,20250718
153,2,20250721
153,2,20250722
153,2,20250723
153,2,20250724
153,2,20250725
153,2,20250728
153,2,20250729
153,2,20250730
153,2,20250731
153,2,20250801
153,2,20250804
153,2,20250805
153,2,20250806
153,2,20250807
153,2,20250808
153,2,20250811
153,2,20250812
153,2,20250813
153,2,20250814
153,2,20250815
153,2,20250818
153,2,20250819
153,2,20250820
153,2,20250821
153,2,20250822
153,2,20250825
153,2,20250826
153,2,20250827
153,2,20250828
153,2,20250829
153,2,20250901
153,2,20250902
153,2,20250903
153,2,20250904
153,2,20250905
153,2,20251201
154,1,20241216
154,1,20241217
154,1,20241218
154,1,20241219
154,1,20241220
154,2,20250224
154,2,20250225
154,2,20250226
154,2,20250227
154,2,20250228
154,2,20250418
154,2,20250421
154,2,20250422
154,2,20250423
154,2,20250424
154,2,20250425
154,2,20250623
154,2,20250624
154,2,20250625
154,2,20250626
154,2,20250627
154,2,20250630
154,2,20250701
154,2,20250702
154,2,20250703
154,2,20250704
154,2,20250707
154,2,20250708
154,2,20250709
154,2,20250710
154,2,20250711
154,2,20250714
154,2,20250715
154,2,20250716
154,2,20250717
154,2,20250718
154,2,20250721
154,2,20250722
154,2,20250723
154,2,20250724
154,2,20250725
154,2,20250728
154,2,20250729
154,2,20250730
154,2,20250731
154,2,20250801
154,2,20250804
154,2,20250805
154,2,20250806
154,2,20250807
154,2,20250808
154,2,20250811
154,2,20250812
154,2,20250813
154,2,20250814
154,2,20250815
154,2,20250818
154,2,20250819
154,2,20250820
154,2,20250821
154,2,20250822
154,2,20250825
154,2,20250826
154,2,20250827
154,2,20250828
154,2,20250829
154,2,20250901
154,2,20250902
154,2,20250903
154,2,20250904
154,2,20250905
155,2,20250616
155,2,20250617
155,2,20250618
155,2,20250619
155,2,20250620
155,2,20250623
155,2,20250624
155,2,20250625
155,2,20250626
155,2,20250627
155,2,20250630
155,2,20250701
155,2,20250702
155,2,20250703
155,2,20250704
155,2,20250707
155,2,20250708
155,2,20250709
155,2,20250710
155,2,20250711
155,2,20250714
155,2,20250715
155,2,20250716
155,2,20250717
155,2,20250718
155,2,20250721
155,2,20250722
155,2,20250723
155,2,20250724
155,2,20250725
155,2,20250728
155,2,20250729
155,2,20250730
155,2,20250731
155,2,20250801
155,2,20250804
155,2,20250805
155,2,20250806
155,2,20250807
155,2,20250808
155,2,20250811
155,2,20250812
155,2,20250813
155,2,20250814
155,2,20250815
155,2,20250818
155,2,20250819
155,2,20250820
155,2,20250821
155,2,20250822
155,2,20250825
155,2,20250826
155,2,20250827
155,2,20250828
155,2,20250829
155,2,20250901
155,2,20250902
155,2,20250903
155,2,20250904
155,2,20250905
156,2,20241226
156,2,20250101
156,2,20250420
156,2,20250608
157,2,20241225
157,2,20241226
157,2,20250101
157,2,20250102
157,2,20250106
157,2,20250107
157,2,20250124
157,2,20250418
157,2,20250421
157,2,20250501
157,2,20250609
157,2,20250815
157,2,20251201
159,2,20241225
159,2,20250101
160,2,20241225
160,2,20241226
160,2,20250101
160,2,20250102
160,2,20250107
160,2,20250124
160,2,20250418
160,2,20250501
160,2,20250815
161,1,20241216
161,1,20241217
161,1,20241218
161,1,20241219
161,1,20241220
161,2,20250224
161,2,20250225
161,2,20250226
161,2,20250227
161,2,20250228
161,2,20250418
161,2,20250421
161,2,20250422
161,2,20250423
161,2,20250424
161,2,20250425
161,2,20250623
161,2,20250624
161,2,20250625
161,2,20250626
161,2,20250627
161,2,20250630
161,2,20250701
161,2,20250702
161,2,20250703
161,2,20250704
161,2,20250707
161,2,20250708
161,2,20250709
161,2,20250710
161,2,20250711
161,2,20250714
161,2,20250715
161,2,20250716
161,2,20250717
161,2,20250718
161,2,20250721
161,2,20250722
161,2,20250723
161,2,20250724
161,2,20250725
161,2,20250728
161,2,20250729
161,2,20250730
161,2,20250731
161,2,20250801
161,2,20250804
161,2,20250805
161,2,20250806
161,2,20250807
161,2,20250808
161,2,20250811
161,2,20250812
161,2,20250813
161,2,20250814
161,2,20250815
161,2,20250818
161,2,20250819
161,2,20250820
161,2,20250821
161,2,20250822
161,2,20250825
161,2,20250826
161,2,20250827
161,2,20250828
161,2,20250829
161,2,20250901
161,2,20250902
161,2,20250903
161,2,20250904
161,2,20250905
162,1,20241216
162,1,20241217
162,1,20241218
162,1,20241219
162,1,20241220
162,2,20250124
162,2,20250418
162,2,20250421
162,2,20250422
162,2,20250423
162,2,20250424
162,2,20250425
162,2,20250501
162,2,20250609
162,2,20250623
162,2,20250624
162,2,20250625
162,2,20250626
162,2,20250627
162,2,20250630
162,2,20250701
162,2,20250702
162,2,20250703
162,2,20250704
162,2,20250707
162,2,20250708
162,2,20250709
162,2,20250710
162,2,20250711
162,2,20250714
162,2,20250715
162,2,20250716
162,2,20250717
162,2,20250718
162,2,20250721
162,2,20250722
162,2,20250723
162,2,20250724
162,2,20250725
162,2,20250728
162,2,20250729
162,2,20250730
162,2,20250731
162,2,20250801
162,2,20250804
162,2,20250805
162,2,20250806
162,2,20250807
162,2,20250808
162,2,20250811
162,2,20250812
162,2,20250813
162,2,20250814
162,2,20250815
162,2,20250818
162,2,20250819
162,2,20250820
162,2,20250821
162,2,20250822
162,2,20250825
162,2,20250826
162,2,20250827
162,2,20250828
162,2,20250829
162,2,20250901
162,2,20250902
162,2,20250903
162,2,20250904
162,2,20250905
162,2,20251201
163,1,20241216
163,1,20241217
163,1,20241218
163,1,20241219
163,1,20241220
163,2,20250124
163,2,20250224
163,2,20250225
163,2,20250226
163,2,20250227
163,2,20250228
163,2,20250418
163,2,20250421
163,2,20250422
163,2,20250423
163,2,20250424
163,2,20250425
163,2,20250501
163,2,20250609
163,2,20250623
163,2,20250624
163,2,20250625
163,2,20250626
163,2,20250627
163,2,20250630
163,2,20250701
163,2,20250702
163,2,20250703
163,2,20250704
163,2,20250707
163,2,20250708
163,2,20250709
163,2,20250710
163,2,20250711
163,2,20250714
163,2,20250715
163,2,20250716
163,2,20250717
163,2,20250718
163,2,20250721
163,2,20250722
163,2,20250723
163,2,20250724
163,2,20250725
163,2,20250728
163,2,20250729
163,2,20250730
163,2,20250731
163,2,20250801
163,2,20250804
163,2,20250805
163,2,20250806
163,2,20250807
163,2,20250808
163,2,20250811
163,2,20250812
163,2,20250813
163,2,20250814
163,2,20250815
163,2,20250818
163,2,20250819
163,2,20250820
163,2,20250821
163,2,20250822
163,2,20250825
163,2,20250826
163,2,20250827
163,2,20250828
163,2,20250829
163,2,20250901
163,2,20250902
163,2,20250903
163,2,20250904
163,2,20250905
163,2,20251201
164,1,20250815
165,2,20241225
165,2,20241226
165,2,20250101
165,2,20250102
165,2,20250106
165,2,20250107
165,2,20250124
165,2,20250418
165,2,20250421
165,2,20250501
165,2,20250609
165,2,20250815
165,2,20251201
166,1,20241216
166,1,20241217
166,1,20241218
166,1,20241219
166,1,20241220
166,2,20250124
166,2,20250418
166,2,20250421
166,2,20250422
166,2,20250423
166,2,20250424
166,2,20250425
166,2,20250501
166,2,20250609
166,2,20250623
166,2,20250624
166,2,20250625
166,2,20250626
166,2,20250627
166,2,20250630
166,2,20250701
166,2,20250702
166,2,20250703
166,2,20250704
166,2,20250707
166,2,20250708
166,2,20250709
166,2,20250710
166,2,20250711
166,2,20250714
166,2,20250715
166,2,20250716
166,2,20250717
166,2,20250718
166,2,20250721
166,2,20250722
166,2,20250723
166,2,20250724
166,2,20250725
166,2,20250728
166,2,20250729
166,2,20250730
166,2,20250731
166,2,20250801
166,2,20250804
166,2,20250805
166,2,20250806
166,2,20250807
166,2,20250808
166,2,20250811
166,2,20250812
166,2,20250813
166,2,20250814
166,2,20250815
166,2,20250818
166,2,20250819
166,2,20250820
166,2,20250821
166,2,20250822
166,2,20250825
166,2,20250826
166,2,20250827
166,2,20250828
166,2,20250829
166,2,20250901
166,2,20250902
166,2,20250903
166,2,20250904
166,2,20250905
166,2,20251201
167,1,20241216
167,1,20241217
167,1,20241218
167,1,20241219
167,1,20241220
167,2,20250124
167,2,20250224
167,2,20250225
167,2,20250226
167,2,20250227
167,2,20250228
167,2,20250418
167,2,20250421
167,2,20250422
167,2,20250423
167,2,20250424
167,2,20250425
167,2,20250501
167,2,20250609
167,2,20250623
167,2,20250624
167,2,20250625
167,2,20250626
167,2,20250627
167,2,20250630
167,2,20250701
167,2,20250702
167,2,20250703
167,2,20250704
167,2,20250707
167,2,20250708
167,2,20250709
167,2,20250710
167,2,20250711
167,2,20250714
167,2,20250715
167,2,20250716
167,2,20250717
167,2,20250718
167,2,20250721
167,2,20250722
167,2,20250723
167,2,20250724
167,2,20250725
167,2,20250728
167,2,20250729
167,2,20250730
167,2,20250731
167,2,20250801
167,2,20250804
167,2,20250805
167,2,20250806
167,2,20250807
167,2,20250808
167,2,20250811
167,2,20250812
167,2,20250813
167,2,20250814
167,2,20250815
167,2,20250818
167,2,20250819
167,2,20250820
167,2,20250821
167,2,20250822
167,2,20250825
167,2,20250826
167,2,20250827
167,2,20250828
167,2,20250829
167,2,20250901
167,2,20250902
167,2,20250903
167,2,20250904
167,2,20250905
167,2,20251201
168,2,20241225
168,2,20241226
168,2,20250101
168,2,20250102
168,2,20250106
168,2,20250107
168,2,20250124
168,2,20250418
168,2,20250421
168,2,20250501
168,2,20250609
168,2,20250815
168,2,20251201
169,1,20241216
169,1,20241217
169,1,20241218
169,1,20241219
169,1,20241220
169,2,20250224
169,2,20250225
169,2,20250226
169,2,20250227
169,2,20250228
169,2,20250418
169,2,20250421
169,2,20250422
169,2,20250423
169,2,20250424
169,2,20250425
169,2,20250623
169,2,20250624
169,2,20250625
169,2,20250626
169,2,20250627
169,2,20250630
169,2,20250701
169,2,20250702
169,2,20250703
169,2,20250704
169,2,20250707
169,2,20250708
169,2,20250709
169,2,20250710
169,2,20250711
169,2,20250714
169,2,20250715
169,2,20250716
169,2,20250717
169,2,20250718
169,2,20250721
169,2,20250722
169,2,20250723
169,2,20250724
169,2,20250725
169,2,20250728
169,2,20250729
169,2,20250730
169,2,20250731
169,2,20250801
169,2,20250804
169,2,20250805
169,2,20250806
169,2,20250807
169,2,20250808
169,2,20250811
169,2,20250812
169,2,20250813
169,2,20250814
169,2,20250815
169,2,20250818
169,2,20250819
169,2,20250820
169,2,20250821
169,2,20250822
169,2,20250825
169,2,20250826
169,2,20250827
169,2,20250828
169,2,20250829
169,2,20250901
169,2,20250902
169,2,20250903
169,2,20250904
169,2,20250905
170,2,20250614
170,2,20250615
170,2,20250616
170,2,20250617
170,2,20250618
170,2,20250619
170,2,20250620
170,2,20250621
170,2,20250622
170,2,20250623
170,2,20250624
170,2,20250625
170,2,20250626
170,2,20250627
170,2,20250628
170,2,20250629
170,2,20250630
170,2,20250701
170,2,20250702
170,2,20250703
170,2,20250704
170,2,20250705
170,2,20250706
170,2,20250707
170,2,20250708
170,2,20250709
170,2,20250710
170,2,20250711
170,2,20250712
170,2,20250713
170,2,20250714
170,2,20250715
170,2,20250716
170,2,20250717
170,2,20250718
170,2,20250719
170,2,20250720
170,2,20250721
170,2,20250722
170,2,20250723
170,2,20250724
170,2,20250725
170,2,20250726
170,2,20250727
170,2,20250728
170,2,20250729
170,2,20250730
170,2,20250731
170,2,20250801
170,2,20250802
170,2,20250803
170,2,20250804
170,2,20250805
170,2,20250806
170,2,20250807
170,2,20250808
170,2,20250809
170,2,20250810
170,2,20250811
170,2,20250812
170,2,20250813
170,2,20250814
170,2,20250815
170,2,20250816
170,2,20250817
170,2,20250818
170,2,20250819
170,2,20250820
170,2,20250821
170,2,20250822
170,2,20250823
170,2,20250824
170,2,20250825
170,2,20250826
170,2,20250827
170,2,20250828
170,2,20250829
170,2,20250830
170,2,20250831
170,2,20250901
170,2,20250902
170,2,20250903
170,2,20250904
170,2,20250905
170,2,20250906
170,2,20250907
171,1,20250915
171,1,20250916
171,1,20250917
171,1,20250918
171,1,20250919
171,1,20250920
171,1,20250921
171,1,20250922
171,1,20250923
171,1,20250924
171,1,20250925
171,1,20250926
171,1,20250927
171,1,20250928
171,1,20250929
171,1,20250930
171,1,20251001
171,1,20251002
171,1,20251003
171,1,20251004
171,1,20251005
171,1,20251006
171,1,20251007
171,1,20251008
171,1,20251009
171,1,20251010
171,1,20251011
171,1,20251012
171,1,20251013
171,1,20251014
171,1,20251015
171,1,20251016
171,1,20251017
171,1,20251018
171,1,20251019
171,1,20251020
171,1,20251021
171,1,20251022
171,1,20251023
171,1,20251024
171,1,20251025
171,1,20251026
171,1,20251027
171,1,20251028
171,1,20251029
171,1,20251030
171,1,20251031
171,1,20251101
171,1,20251102
171,1,20251103
171,1,20251104
171,1,20251105
171,1,20251106
171,1,20251107
171,1,20251108
171,1,20251109
171,1,20251110
171,1,20251111
171,1,20251112
171,1,20251113
171,1,20251114
171,1,20251115
171,1,20251116
171,1,20251117
171,1,20251118
171,1,20251119
171,1,20251120
171,1,20251121
171,1,20251122
171,1,20251123
171,1,20251124
171,1,20251125
171,1,20251126
171,1,20251127
171,1,20251128
171,1,20251129
171,1,20251130
171,1,20251201
171,1,20251202
171,1,20251203
171,1,20251204
171,1,20251205
171,1,20251206
171,1,20251207
171,1,20251208
171,1,20251209
171,1,20251210
171,1,20251211
171,1,20251212
171,1,20251213
172,2,20250427
172,2,20250428
172,2,20250429
172,2,20250430
172,2,20250501
172,2,20250502
172,2,20250504
172,2,20250615
172,2,20250616
172,2,20250617
172,2,20250618
172,2,20250619
172,2,20250620
172,2,20250622
172,2,20250623
172,2,20250624
172,2,20250625
172,2,20250626
172,2,20250627
172,2,20250629
172,2,20250630
172,2,20250701
172,2,20250702
172,2,20250703
172,2,20250704
172,2,20250706
172,2,20250707
172,2,20250708
172,2,20250709
172,2,20250710
172,2,20250711
172,2,20250713
172,2,20250714
172,2,20250715
172,2,20250716
172,2,20250717
172,2,20250718
172,2,20250720
172,2,20250721
172,2,20250722
172,2,20250723
172,2,20250724
172,2,20250725
172,2,20250727
172,2,20250728
172,2,20250729
172,2,20250730
172,2,20250731
172,2,20250801
172,2,20250803
172,2,20250804
172,2,20250805
172,2,20250806
172,2,20250807
172,2,20250808
172,2,20250810
172,2,20250811
172,2,20250812
172,2,20250813
172,2,20250814
172,2,20250815
172,2,20250817
172,2,20250818
172,2,20250819
172,2,20250820
172,2,20250821
172,2,20250822
172,2,20250824
172,2,20250825
172,2,20250826
172,2,20250827
172,2,20250828
172,2,20250829
172,2,20250831
172,2,20250901
172,2,20250902
172,2,20250903
172,2,20250904
172,2,20250905
172,2,20250907
173,2,20250426
173,2,20250427
173,2,20250428
173,2,20250429
173,2,20250430
173,2,20250501
173,2,20250502
173,2,20250503
173,2,20250504
173,2,20250612
173,2,20250613
173,2,20250614
173,2,20250615
173,2,20250616
173,2,20250617
173,2,20250618
173,2,20250619
173,2,20250620
173,2,20250621
173,2,20250622
173,2,20250623
173,2,20250624
173,2,20250625
173,2,20250626
173,2,20250627
173,2,20250628
173,2,20250629
173,2,20250630
173,2,20250701
173,2,20250702
173,2,20250703
173,2,20250704
173,2,20250705
173,2,20250706
173,2,20250707
173,2,20250708
173,2,20250709
173,2,20250710
173,2,20250711
173,2,20250712
173,2,20250713
173,2,20250714
173,2,20250715
173,2,20250716
173,2,20250717
173,2,20250718
173,2,20250719
173,2,20250720
173,2,20250721
173,2,20250722
173,2,20250723
173,2,20250724
173,2,20250725
173,2,20250726
173,2,20250727
173,2,20250728
173,2,20250729
173,2,20250730
173,2,20250731
173,2,20250801
173,2,20250802
173,2,20250803
173,2,20250804
173,2,20250805
173,2,20250806
173,2,20250807
173,2,20250808
173,2,20250809
173,2,20250810
173,2,20250811
173,2,20250812
173,2,20250813
173,2,20250814
173,2,20250815
173,2,20250816
173,2,20250817
173,2,20250818
173,2,20250819
173,2,20250820
173,2,20250821
173,2,20250822
173,2,20250823
173,2,20250824
173,2,20250825
173,2,20250826
173,2,20250827
173,2,20250828
173,2,20250829
173,2,20250830
173,2,20250831
173,2,20250901
173,2,20250902
173,2,20250903
173,2,20250904
173,2,20250905
173,2,20250906
173,2,20250907
174,1,20241216
174,1,20241217
174,1,20241218
174,1,20241219
174,1,20241220
174,2,20250124
174,2,20250224
174,2,20250225
174,2,20250226
174,2,20250227
174,2,20250228
174,2,20250418
174,2,20250421
174,2,20250422
174,2,20250423
174,2,20250424
174,2,20250425
174,2,20250501
174,2,20250609
174,2,20250623
174,2,20250624
174,2,20250625
174,2,20250626
174,2,20250627
174,2,20250630
174,2,20250701
174,2,20250702
174,2,20250703
174,2,20250704
174,2,20250707
174,2,20250708
174,2,20250709
174,2,20250710
174,2,20250711
174,2,20250714
174,2,20250715
174,2,20250716
174,2,20250717
174,2,20250718
174,2,20250721
174,2,20250722
174,2,20250723
174,2,20250724
174,2,20250725
174,2,20250728
174,2,20250729
174,2,20250730
174,2,20250731
174,2,20250801
174,2,20250804
174,2,20250805
174,2,20250806
174,2,20250807
174,2,20250808
174,2,20250811
174,2,20250812
174,2,20250813
174,2,20250814
174,2,20250815
174,2,20250818
174,2,20250819
174,2,20250820
174,2,20250821
174,2,20250822
174,2,20250825
174,2,20250826
174,2,20250827
174,2,20250828
174,2,20250829
174,2,20250901
174,2,20250902
174,2,20250903
174,2,20250904
174,2,20250905
174,2,20251201
175,1,20250426
175,1,20250427
175,1,20250428
175,1,20250429
175,1,20250430
175,1,20250501
175,1,20250502
175,1,20250503
175,1,20250504
175,1,20250612
175,1,20250613
175,1,20250614
175,1,20250615
175,1,20250616
175,1,20250617
175,1,20250618
175,1,20250619
175,1,20250620
176,2,20241225
176,2,20241226
176,2,20250101
176,2,20250102
176,2,20250106
176,2,20250107
176,2,20250124
176,2,20250418
176,2,20250421
176,2,20250501
176,2,20250609
176,2,20250815
176,2,20251201
178,1,20241216
178,1,20241217
178,1,20241218
178,1,20241219
178,1,20241220
178,2,20250224
178,2,20250225
178,2,20250226
178,2,20250227
178,2,20250228
178,2,20250418
178,2,20250421
178,2,20250422
178,2,20250423
178,2,20250424
178,2,20250425
178,2,20250623
178,2,20250624
178,2,20250625
178,2,20250626
178,2,20250627
178,2,20250630
178,2,20250701
178,2,20250702
178,2,20250703
178,2,20250704
178,2,20250707
178,2,20250708
178,2,20250709
178,2,20250710
178,2,20250711
178,2,20250714
178,2,20250715
178,2,20250716
178,2,20250717
178,2,20250718
178,2,20250721
178,2,20250722
178,2,20250723
178,2,20250724
178,2,20250725
178,2,20250728
178,2,20250729
178,2,20250730
178,2,20250731
178,2,20250801
178,2,20250804
178,2,20250805
178,2,20250806
178,2,20250807
178,2,20250808
178,2,20250811
178,2,20250812
178,2,20250813
178,2,20250814
178,2,20250815
178,2,20250818
178,2,20250819
178,2,20250820
178,2,20250821
178,2,20250822
178,2,20250825
178,2,20250826
178,2,20250827
178,2,20250828
178,2,20250829
178,2,20250901
178,2,20250902
178,2,20250903
178,2,20250904
178,2,20250905
180,2,20250426
180,2,20250428
180,2,20250429
180,2,20250430
180,2,20250501
180,2,20250502
180,2,20250503
180,2,20250614
180,2,20250616
180,2,20250617
180,2,20250618
180,2,20250619
180,2,20250620
180,2,20250621
180,2,20250623
180,2,20250624
180,2,20250625
180,2,20250626
180,2,20250627
180,2,20250628
180,2,20250630
180,2,20250701
180,2,20250702
180,2,20250703
180,2,20250704
180,2,20250705
180,2,20250707
180,2,20250708
180,2,20250709
180,2,20250710
180,2,20250711
180,2,20250712
180,2,20250714
180,2,20250715
180,2,20250716
180,2,20250717
180,2,20250718
180,2,20250719
180,2,20250721
180,2,20250722
180,2,20250723
180,2,20250724
180,2,20250725
180,2,20250726
180,2,20250728
180,2,20250729
180,2,20250730
180,2,20250731
180,2,20250801
180,2,20250802
180,2,20250804
180,2,20250805
180,2,20250806
180,2,20250807
180,2,20250808
180,2,20250809
180,2,20250811
180,2,20250812
180,2,20250813
180,2,20250814
180,2,20250815
180,2,20250816
180,2,20250818
180,2,20250819
180,2,20250820
180,2,20250821
180,2,20250822
180,2,20250823
180,2,20250825
180,2,20250826
180,2,20250827
180,2,20250828
180,2,20250829
180,2,20250830
180,2,20250901
180,2,20250902
180,2,20250903
180,2,20250904
180,2,20250905
180,2,20250906
181,2,20241225
181,2,20241226
181,2,20250101
181,2,20250102
181,2,20250106
181,2,20250107
181,2,20250124
181,2,20250418
181,2,20250421
181,2,20250501
181,2,20250609
181,2,20250815
181,2,20251201
183,2,20241222
183,2,20241225
183,2,20241226
183,2,20241229
183,2,20250101
183,2,20250102
183,2,20250106
183,2,20250107
183,2,20250124
183,2,20250418
183,2,20250421
183,2,20250501
183,2,20250609
183,2,20250815
183,2,20251201
184,1,20241216
184,1,20241217
184,1,20241218
184,1,20241219
184,1,20241220
184,2,20250124
184,2,20250224
184,2,20250225
184,2,20250226
184,2,20250227
184,2,20250228
184,2,20250418
184,2,20250421
184,2,20250422
184,2,20250423
184,2,20250424
184,2,20250425
184,2,20250501
184,2,20250609
184,2,20250623
184,2,20250624
184,2,20250625
184,2,20250626
184,2,20250627
184,2,20250630
184,2,20250701
184,2,20250702
184,2,20250703
184,2,20250704
184,2,20250707
184,2,20250708
184,2,20250709
184,2,20250710
184,2,20250711
184,2,20250714
184,2,20250715
184,2,20250716
184,2,20250717
184,2,20250718
184,2,20250721
184,2,20250722
184,2,20250723
184,2,20250724
184,2,20250725
184,2,20250728
184,2,20250729
184,2,20250730
184,2,20250731
184,2,20250801
184,2,20250804
184,2,20250805
184,2,20250806
184,2,20250807
184,2,20250808
184,2,20250811
184,2,20250812
184,2,20250813
184,2,20250814
184,2,20250815
184,2,20250818
184,2,20250819
184,2,20250820
184,2,20250821
184,2,20250822
184,2,20250825
184,2,20250826
184,2,20250827
184,2,20250828
184,2,20250829
184,2,20250901
184,2,20250902
184,2,20250903
184,2,20250904
184,2,20250905
184,2,20251201
185,2,20241225
185,2,20241226
185,2,20250101
185,2,20250102
185,2,20250106
185,2,20250107
185,2,20250124
185,2,20250418
185,2,20250421
185,2,20250501
185,2,20250609
185,2,20250815
185,2,20251201
187,1,20241216
187,1,20241217
187,1,20241218
187,1,20241219
187,1,20241220
187,2,20250124
187,2,20250418
187,2,20250421
187,2,20250422
187,2,20250423
187,2,20250424
187,2,20250425
187,2,20250501
187,2,20250609
187,2,20250623
187,2,20250624
187,2,20250625
187,2,20250626
187,2,20250627
187,2,20250630
187,2,20250701
187,2,20250702
187,2,20250703
187,2,20250704
187,2,20250707
187,2,20250708
187,2,20250709
187,2,20250710
187,2,20250711
187,2,20250714
187,2,20250715
187,2,20250716
187,2,20250717
187,2,20250718
187,2,20250721
187,2,20250722
187,2,20250723
187,2,20250724
187,2,20250725
187,2,20250728
187,2,20250729
187,2,20250730
187,2,20250731
187,2,20250801
187,2,20250804
187,2,20250805
187,2,20250806
187,2,20250807
187,2,20250808
187,2,20250811
187,2,20250812
187,2,20250813
187,2,20250814
187,2,20250815
187,2,20250818
187,2,20250819
187,2,20250820
187,2,20250821
187,2,20250822
187,2,20250825
187,2,20250826
187,2,20250827
187,2,20250828
187,2,20250829
187,2,20250901
187,2,20250902
187,2,20250903
187,2,20250904
187,2,20250905
187,2,20251201
189,1,20241216
189,1,20241217
189,1,20241218
189,1,20241219
189,1,20241220
189,2,20250224
189,2,20250225
189,2,20250226
189,2,20250227
189,2,20250228
189,2,20250418
189,2,20250421
189,2,20250422
189,2,20250423
189,2,20250424
189,2,20250425
189,2,20250623
189,2,20250624
189,2,20250625
189,2,20250626
189,2,20250627
189,2,20250630
189,2,20250701
189,2,20250702
189,2,20250703
189,2,20250704
189,2,20250707
189,2,20250708
189,2,20250709
189,2,20250710
189,2,20250711
189,2,20250714
189,2,20250715
189,2,20250716
189,2,20250717
189,2,20250718
189,2,20250721
189,2,20250722
189,2,20250723
189,2,20250724
189,2,20250725
189,2,20250728
189,2,20250729
189,2,20250730
189,2,20250731
189,2,20250801
189,2,20250804
189,2,20250805
189,2,20250806
189,2,20250807
189,2,20250808
189,2,20250811
189,2,20250812
189,2,20250813
189,2,20250814
189,2,20250815
189,2,20250818
189,2,20250819
189,2,20250820
189,2,20250821
189,2,20250822
189,2,20250825
189,2,20250826
189,2,20250827
189,2,20250828
189,2,20250829
189,2,20250901
189,2,20250902
189,2,20250903
189,2,20250904
189,2,20250905
190,1,20241216
190,1,20241217
190,1,20241218
190,1,20241219
190,1,20241220
190,2,20250224
190,2,20250225
190,2,20250226
190,2,20250227
190,2,20250228
190,2,20250418
190,2,20250421
190,2,20250422
190,2,20250423
190,2,20250424
190,2,20250425
190,2,20250623
190,2,20250624
190,2,20250625
190,2,20250626
190,2,20250627
190,2,20250630
190,2,20250701
190,2,20250702
190,2,20250703
190,2,20250704
190,2,20250707
190,2,20250708
190,2,20250709
190,2,20250710
190,2,20250711
190,2,20250714
190,2,20250715
190,2,20250716
190,2,20250717
190,2,20250718
190,2,20250721
190,2,20250722
190,2,20250723
190,2,20250724
190,2,20250725
190,2,20250728
190,2,20250729
190,2,20250730
190,2,20250731
190,2,20250801
190,2,20250804
190,2,20250805
190,2,20250806
190,2,20250807
190,2,20250808
190,2,20250811
190,2,20250812
190,2,20250813
190,2,20250814
190,2,20250815
190,2,20250818
190,2,20250819
190,2,20250820
190,2,20250821
190,2,20250822
190,2,20250825
190,2,20250826
190,2,20250827
190,2,20250828
190,2,20250829
190,2,20250901
190,2,20250902
190,2,20250903
190,2,20250904
190,2,20250905
191,2,20250425
191,2,20250426
191,2,20250427
191,2,20250428
191,2,20250429
191,2,20250430
191,2,20250501
191,2,20250502
191,2,20250503
191,2,20250504
191,2,20250613
191,2,20250614
191,2,20250615
191,2,20250616
191,2,20250617
191,2,20250618
191,2,20250619
191,2,20250620
191,2,20250621
191,2,20250622
191,2,20250623
191,2,20250624
191,2,20250625
191,2,20250626
191,2,20250627
191,2,20250628
191,2,20250629
191,2,20250630
191,2,20250701
191,2,20250702
191,2,20250703
191,2,20250704
191,2,20250705
191,2,20250706
191,2,20250707
191,2,20250708
191,2,20250709
191,2,20250710
191,2,20250711
191,2,20250712
191,2,20250713
191,2,20250714
191,2,20250715
191,2,20250716
191,2,20250717
191,2,20250718
191,2,20250719
191,2,20250720
191,2,20250721
191,2,20250722
191,2,20250723
191,2,20250724
191,2,20250725
191,2,20250726
191,2,20250727
191,2,20250728
191,2,20250729
191,2,20250730
191,2,20250731
191,2,20250801
191,2,20250802
191,2,20250803
191,2,20250804
191,2,20250805
191,2,20250806
191,2,20250807
191,2,20250808
191,2,20250809
191,2,20250810
191,2,20250811
191,2,20250812
191,2,20250813
191,2,20250814
191,2,20250815
191,2,20250816
191,2,20250817
191,2,20250818
191,2,20250819
191,2,20250820
191,2,20250821
191,2,20250822
191,2,20250823
191,2,20250824
191,2,20250825
191,2,20250826
191,2,20250827
191,2,20250828
191,2,20250829
191,2,20250830
191,2,20250831
191,2,20250901
191,2,20250902
191,2,20250903
191,2,20250904
191,2,20250905
191,2,20250906
2,1,20250101
21,1,20241225
21,1,20241226
21,1,20250101
21,1,20250102
21,1,20250106
21,1,20250107
21,1,20250124
21,1,20250418
21,1,20250421
21,1,20250501
21,1,20250609
21,1,20250815
21,1,20251201
23,2,20241225
23,2,20241226
23,2,20250101
23,2,20250102
23,2,20250106
23,2,20250107
23,2,20250124
23,2,20250418
23,2,20250421
23,2,20250501
23,2,20250609
23,2,20250815
23,2,20251201
30,1,20241216
30,1,20241217
30,1,20241218
30,1,20241219
30,1,20241220
30,2,20250124
30,2,20250224
30,2,20250225
30,2,20250226
30,2,20250227
30,2,20250228
30,2,20250418
30,2,20250421
30,2,20250422
30,2,20250423
30,2,20250424
30,2,20250425
30,2,20250501
30,2,20250609
30,2,20250623
30,2,20250624
30,2,20250625
30,2,20250626
30,2,20250627
30,2,20250630
30,2,20250701
30,2,20250702
30,2,20250703
30,2,20250704
30,2,20250707
30,2,20250708
30,2,20250709
30,2,20250710
30,2,20250711
30,2,20250714
30,2,20250715
30,2,20250716
30,2,20250717
30,2,20250718
30,2,20250721
30,2,20250722
30,2,20250723
30,2,20250724
30,2,20250725
30,2,20250728
30,2,20250729
30,2,20250730
30,2,20250731
30,2,20250801
30,2,20250804
30,2,20250805
30,2,20250806
30,2,20250807
30,2,20250808
30,2,20250811
30,2,20250812
30,2,20250813
30,2,20250814
30,2,20250815
30,2,20250818
30,2,20250819
30,2,20250820
30,2,20250821
30,2,20250822
30,2,20250825
30,2,20250826
30,2,20250827
30,2,20250828
30,2,20250829
30,2,20250901
30,2,20250902
30,2,20250903
30,2,20250904
30,2,20250905
30,2,20251201
36,1,20250908
36,1,20250909
36,1,20250910
36,1,20250911
36,1,20250912
36,1,20250913
36,1,20250914
37,2,20250701
37,2,20250702
37,2,20250703
37,2,20250704
37,2,20250705
37,2,20250706
37,2,20250707
37,2,20250708
37,2,20250709
37,2,20250710
37,2,20250711
37,2,20250712
37,2,20250713
37,2,20250714
37,2,20250715
37,2,20250716
37,2,20250717
37,2,20250718
37,2,20250719
37,2,20250720
37,2,20250721
37,2,20250722
37,2,20250723
37,2,20250724
37,2,20250725
37,2,20250726
37,2,20250727
37,2,20250728
37,2,20250729
37,2,20250730
37,2,20250731
37,2,20250801
37,2,20250802
37,2,20250803
37,2,20250804
37,2,20250805
37,2,20250806
37,2,20250807
37,2,20250808
37,2,20250809
37,2,20250810
37,2,20250811
37,2,20250812
37,2,20250813
37,2,20250814
37,2,20250815
37,2,20250816
37,2,20250817
37,2,20250818
37,2,20250819
37,2,20250820
37,2,20250821
37,2,20250822
37,2,20250823
37,2,20250824
37,2,20250825
37,2,20250826
37,2,20250827
37,2,20250828
37,2,20250829
37,2,20250830
37,2,20250831
37,2,20250901
37,2,20250902
37,2,20250903
37,2,20250904
37,2,20250905
37,2,20250906
37,2,20250907
37,2,20250908
37,2,20250909
37,2,20250910
37,2,20250911
37,2,20250912
37,2,20250913
37,2,20250914
37,2,20250915
39,1,20250608
39,1,20250609
39,1,20250916
39,1,20250917
39,1,20250918
39,1,20250919
39,1,20250920
39,1,20250921
39,1,20250922
39,1,20250923
39,1,20250924
39,1,20250925
39,1,20250926
39,1,20250927
39,1,20250928
39,1,20250929
39,1,20250930
39,1,20251001
39,1,20251002
39,1,20251003
39,1,20251004
39,1,20251005
39,1,20251006
39,1,20251007
39,1,20251008
39,1,20251009
39,1,20251010
39,1,20251011
39,1,20251012
39,1,20251013
39,1,20251014
39,1,20251015
39,1,20251016
39,1,20251017
39,1,20251018
39,1,20251019
39,1,20251020
39,1,20251021
39,1,20251022
39,1,20251023
39,1,20251024
39,1,20251025
39,1,20251026
39,1,20251027
39,1,20251028
39,1,20251029
39,1,20251030
39,1,20251031
39,1,20251101
39,1,20251102
39,1,20251103
39,1,20251104
39,1,20251105
39,1,20251106
39,1,20251107
39,1,20251108
39,1,20251109
39,1,20251110
39,1,20251111
39,1,20251112
39,1,20251113
39,1,20251114
39,1,20251115
39,1,20251116
39,1,20251117
39,1,20251118
39,1,20251119
39,1,20251120
39,1,20251121
39,1,20251122
39,1,20251123
39,1,20251124
39,1,20251125
39,1,20251126
39,1,20251127
39,1,20251128
39,1,20251129
39,1,20251130
39,1,20251201
39,1,20251202
39,1,20251203
39,1,20251204
39,1,20251205
39,1,20251206
39,1,20251207
39,1,20251208
39,1,20251209
39,1,20251210
39,1,20251211
39,1,20251212
39,1,20251213
4,1,20250501
4,1,20250502
4,1,20250503
4,1,20250504
4,1,20250614
4,1,20250615
4,1,20250616
4,1,20250617
4,1,20250618
41,2,20241222
41,2,20241229
45,2,20250621
45,2,20250622
45,2,20250623
45,2,20250624
45,2,20250625
45,2,20250626
45,2,20250627
45,2,20250628
45,2,20250629
45,2,20250630
45,2,20250701
45,2,20250702
45,2,20250703
45,2,20250704
45,2,20250705
45,2,20250706
45,2,20250707
45,2,20250708
45,2,20250709
45,2,20250710
45,2,20250711
45,2,20250712
45,2,20250713
45,2,20250714
45,2,20250715
45,2,20250716
45,2,20250717
45,2,20250718
45,2,20250719
45,2,20250720
45,2,20250721
45,2,20250722
45,2,20250723
45,2,20250724
45,2,20250725
45,2,20250726
45,2,20250727
45,2,20250728
45,2,20250729
45,2,20250730
45,2,20250731
45,2,20250801
45,2,20250802
45,2,20250803
45,2,20250804
45,2,20250805
45,2,20250806
45,2,20250807
45,2,20250808
45,2,20250809
45,2,20250810
45,2,20250811
45,2,20250812
45,2,20250813
45,2,20250814
45,2,20250815
45,2,20250816
45,2,20250817
45,2,20250818
45,2,20250819
45,2,20250820
45,2,20250821
45,2,20250822
45,2,20250823
45,2,20250824
45,2,20250825
45,2,20250826
45,2,20250827
45,2,20250828
45,2,20250829
45,2,20250830
45,2,20250831
45,2,20250901
45,2,20250902
45,2,20250903
45,2,20250904
45,2,20250905
45,2,20250906
45,2,20250907
49,2,20241225
49,2,20250101
49,2,20250420
50,2,20241225
50,2,20241226
50,2,20250101
50,2,20250102
50,2,20250106
50,2,20250107
50,2,20250124
50,2,20250418
50,2,20250421
50,2,20250501
50,2,20250609
50,2,20250815
50,2,20251201
51,1,20241216
51,1,20241217
51,1,20241218
51,1,20241219
51,2,20250107
51,2,20250421
51,2,20250422
51,2,20250423
51,2,20250424
51,2,20250428
51,2,20250501
51,2,20250623
51,2,20250624
51,2,20250625
51,2,20250626
51,2,20250701
51,2,20250702
51,2,20250703
51,2,20250707
51,2,20250708
51,2,20250709
51,2,20250710
51,2,20250714
51,2,20250715
51,2,20250716
51,2,20250717
51,2,20250721
51,2,20250722
51,2,20250723
51,2,20250724
51,2,20250728
51,2,20250729
51,2,20250730
51,2,20250731
51,2,20250804
51,2,20250805
51,2,20250806
51,2,20250807
51,2,20250811
51,2,20250812
51,2,20250813
51,2,20250814
51,2,20250818
51,2,20250819
51,2,20250820
51,2,20250821
51,2,20250825
51,2,20250826
51,2,20250827
51,2,20250828
51,2,20250901
51,2,20250902
51,2,20250903
51,2,20250904
52,1,20241216
52,1,20241217
52,1,20241218
52,1,20241219
52,1,20241220
52,2,20250124
52,2,20250418
52,2,20250421
52,2,20250422
52,2,20250423
52,2,20250424
52,2,20250425
52,2,20250501
52,2,20250609
52,2,20250623
52,2,20250624
52,2,20250625
52,2,20250626
52,2,20250627
52,2,20250630
52,2,20250701
52,2,20250702
52,2,20250703
52,2,20250704
52,2,20250707
52,2,20250708
52,2,20250709
52,2,20250710
52,2,20250711
52,2,20250714
52,2,20250715
52,2,20250716
52,2,20250717
52,2,20250718
52,2,20250721
52,2,20250722
52,2,20250723
52,2,20250724
52,2,20250725
52,2,20250728
52,2,20250729
52,2,20250730
52,2,20250731
52,2,20250801
52,2,20250804
52,2,20250805
52,2,20250806
52,2,20250807
52,2,20250808
52,2,20250811
52,2,20250812
52,2,20250813
52,2,20250814
52,2,20250815
52,2,20250818
52,2,20250819
52,2,20250820
52,2,20250821
52,2,20250822
52,2,20250825
52,2,20250826
52,2,20250827
52,2,20250828
52,2,20250829
52,2,20250901
52,2,20250902
52,2,20250903
52,2,20250904
52,2,20250905
52,2,20251201
53,1,20241216
53,1,20241217
53,1,20241218
53,1,20241219
53,1,20241220
53,2,20250124
53,2,20250418
53,2,20250421
53,2,20250422
53,2,20250423
53,2,20250424
53,2,20250425
53,2,20250501
53,2,20250609
53,2,20250623
53,2,20250624
53,2,20250625
53,2,20250626
53,2,20250627
53,2,20250630
53,2,20250701
53,2,20250702
53,2,20250703
53,2,20250704
53,2,20250707
53,2,20250708
53,2,20250709
53,2,20250710
53,2,20250711
53,2,20250714
53,2,20250715
53,2,20250716
53,2,20250717
53,2,20250718
53,2,20250721
53,2,20250722
53,2,20250723
53,2,20250724
53,2,20250725
53,2,20250728
53,2,20250729
53,2,20250730
53,2,20250731
53,2,20250801
53,2,20250804
53,2,20250805
53,2,20250806
53,2,20250807
53,2,20250808
53,2,20250811
53,2,20250812
53,2,20250813
53,2,20250814
53,2,20250815
53,2,20250818
53,2,20250819
53,2,20250820
53,2,20250821
53,2,20250822
53,2,20250825
53,2,20250826
53,2,20250827
53,2,20250828
53,2,20250829
53,2,20250901
53,2,20250902
53,2,20250903
53,2,20250904
53,2,20250905
53,2,20251201
54,1,20241216
54,1,20241217
54,1,20241218
54,1,20241219
54,1,20241220
54,2,20250224
54,2,20250225
54,2,20250226
54,2,20250227
54,2,20250228
54,2,20250418
54,2,20250421
54,2,20250422
54,2,20250423
54,2,20250424
54,2,20250425
54,2,20250623
54,2,20250624
54,2,20250625
54,2,20250626
54,2,20250627
54,2,20250630
54,2,20250701
54,2,20250702
54,2,20250703
54,2,20250704
54,2,20250707
54,2,20250708
54,2,20250709
54,2,20250710
54,2,20250711
54,2,20250714
54,2,20250715
54,2,20250716
54,2,20250717
54,2,20250718
54,2,20250721
54,2,20250722
54,2,20250723
54,2,20250724
54,2,20250725
54,2,20250728
54,2,20250729
54,2,20250730
54,2,20250731
54,2,20250801
54,2,20250804
54,2,20250805
54,2,20250806
54,2,20250807
54,2,20250808
54,2,20250811
54,2,20250812
54,2,20250813
54,2,20250814
54,2,20250815
54,2,20250818
54,2,20250819
54,2,20250820
54,2,20250821
54,2,20250822
54,2,20250825
54,2,20250826
54,2,20250827
54,2,20250828
54,2,20250829
54,2,20250901
54,2,20250902
54,2,20250903
54,2,20250904
54,2,20250905
55,2,20241225
55,2,20241226
55,2,20250101
55,2,20250102
55,2,20250106
55,2,20250107
55,2,20250124
55,2,20250418
55,2,20250420
55,2,20250421
55,2,20250501
55,2,20250601
55,2,20250608
55,2,20250609
55,2,20250815
55,2,20251130
55,2,20251201
56,2,20241225
56,2,20250101
56,2,20250420
56,2,20250608
58,2,20250426
58,2,20250427
58,2,20250428
58,2,20250429
58,2,20250430
58,2,20250501
58,2,20250502
58,2,20250503
58,2,20250504
60,2,20241225
60,2,20241226
60,2,20250101
60,2,20250102
60,2,20250106
60,2,20250107
60,2,20250124
60,2,20250418
60,2,20250421
60,2,20250501
60,2,20250609
60,2,20250815
60,2,20251201
61,1,20241216
61,1,20241217
61,1,20241218
61,1,20241219
61,1,20241220
61,2,20250124
61,2,20250418
61,2,20250421
61,2,20250422
61,2,20250423
61,2,20250424
61,2,20250425
61,2,20250501
61,2,20250609
61,2,20250623
61,2,20250624
61,2,20250625
61,2,20250626
61,2,20250627
61,2,20250630
61,2,20250701
61,2,20250702
61,2,20250703
61,2,20250704
61,2,20250707
61,2,20250708
61,2,20250709
61,2,20250710
61,2,20250711
61,2,20250714
61,2,20250715
61,2,20250716
61,2,20250717
61,2,20250718
61,2,20250721
61,2,20250722
61,2,20250723
61,2,20250724
61,2,20250725
61,2,20250728
61,2,20250729
61,2,20250730
61,2,20250731
61,2,20250801
61,2,20250804
61,2,20250805
61,2,20250806
61,2,20250807
61,2,20250808
61,2,20250811
61,2,20250812
61,2,20250813
61,2,20250814
61,2,20250815
61,2,20250818
61,2,20250819
61,2,20250820
61,2,20250821
61,2,20250822
61,2,20250825
61,2,20250826
61,2,20250827
61,2,20250828
61,2,20250829
61,2,20250901
61,2,20250902
61,2,20250903
61,2,20250904
61,2,20250905
61,2,20251201
62,1,20241216
62,1,20241217
62,1,20241218
62,1,20241219
62,1,20241220
62,2,20250124
62,2,20250224
62,2,20250225
62,2,20250226
62,2,20250227
62,2,20250228
62,2,20250418
62,2,20250421
62,2,20250422
62,2,20250423
62,2,20250424
62,2,20250425
62,2,20250501
62,2,20250609
62,2,20250623
62,2,20250624
62,2,20250625
62,2,20250626
62,2,20250627
62,2,20250630
62,2,20250701
62,2,20250702
62,2,20250703
62,2,20250704
62,2,20250707
62,2,20250708
62,2,20250709
62,2,20250710
62,2,20250711
62,2,20250714
62,2,20250715
62,2,20250716
62,2,20250717
62,2,20250718
62,2,20250721
62,2,20250722
62,2,20250723
62,2,20250724
62,2,20250725
62,2,20250728
62,2,20250729
62,2,20250730
62,2,20250731
62,2,20250801
62,2,20250804
62,2,20250805
62,2,20250806
62,2,20250807
62,2,20250808
62,2,20250811
62,2,20250812
62,2,20250813
62,2,20250814
62,2,20250815
62,2,20250818
62,2,20250819
62,2,20250820
62,2,20250821
62,2,20250822
62,2,20250825
62,2,20250826
62,2,20250827
62,2,20250828
62,2,20250829
62,2,20250901
62,2,20250902
62,2,20250903
62,2,20250904
62,2,20250905
62,2,20251201
63,2,20241222
63,2,20241225
63,2,20241226
63,2,20241229
63,2,20250101
63,2,20250102
63,2,20250106
63,2,20250107
63,2,20250124
63,2,20250418
63,2,20250421
63,2,20250501
63,2,20250609
63,2,20250815
63,2,20251201
65,2,20250421
67,2,20250426
67,2,20250427
67,2,20250428
67,2,20250429
67,2,20250430
67,2,20250501
67,2,20250502
67,2,20250503
67,2,20250504
67,2,20250614
67,2,20250615
67,2,20250616
67,2,20250617
67,2,20250618
67,2,20250619
67,2,20250620
67,2,20250621
67,2,20250622
67,2,20250623
67,2,20250624
67,2,20250625
67,2,20250626
67,2,20250627
67,2,20250628
67,2,20250629
67,2,20250630
67,2,20250701
67,2,20250702
67,2,20250703
67,2,20250704
67,2,20250705
67,2,20250706
67,2,20250707
67,2,20250708
67,2,20250709
67,2,20250710
67,2,20250711
67,2,20250712
67,2,20250713
67,2,20250714
67,2,20250715
67,2,20250716
67,2,20250717
67,2,20250718
67,2,20250719
67,2,20250720
67,2,20250721
67,2,20250722
67,2,20250723
67,2,20250724
67,2,20250725
67,2,20250726
67,2,20250727
67,2,20250728
67,2,20250729
67,2,20250730
67,2,20250731
67,2,20250801
67,2,20250802
67,2,20250803
67,2,20250804
67,2,20250805
67,2,20250806
67,2,20250807
67,2,20250808
67,2,20250809
67,2,20250810
67,2,20250811
67,2,20250812
67,2,20250813
67,2,20250814
67,2,20250815
67,2,20250816
67,2,20250817
67,2,20250818
67,2,20250819
67,2,20250820
67,2,20250821
67,2,20250822
67,2,20250823
67,2,20250824
67,2,20250825
67,2,20250826
67,2,20250827
67,2,20250828
67,2,20250829
67,2,20250830
67,2,20250831
67,2,20250901
67,2,20250902
67,2,20250903
67,2,20250904
67,2,20250905
67,2,20250906
67,2,20250907
68,2,20250520
69,1,20241223
69,1,20241224
69,1,20241227
69,1,20241230
69,1,20241231
69,1,20250103
69,1,20250422
69,1,20250423
69,1,20250424
69,1,20250425
69,2,20250815
7,2,20241225
7,2,20241231
7,2,20250101
7,2,20250420
72,1,20250426
72,1,20250427
72,1,20250428
72,1,20250429
72,1,20250430
72,1,20250501
72,1,20250502
72,1,20250503
72,1,20250504
72,1,20250614
72,1,20250615
72,1,20250616
72,1,20250617
72,1,20250618
72,1,20250619
72,1,20250620
73,1,20241216
73,1,20241217
73,1,20241218
73,1,20241219
73,1,20241220
73,2,20250124
73,2,20250418
73,2,20250421
73,2,20250422
73,2,20250423
73,2,20250424
73,2,20250425
73,2,20250501
73,2,20250609
73,2,20250623
73,2,20250624
73,2,20250625
73,2,20250626
73,2,20250627
73,2,20250630
73,2,20250701
73,2,20250702
73,2,20250703
73,2,20250704
73,2,20250707
73,2,20250708
73,2,20250709
73,2,20250710
73,2,20250711
73,2,20250714
73,2,20250715
73,2,20250716
73,2,20250717
73,2,20250718
73,2,20250721
73,2,20250722
73,2,20250723
73,2,20250724
73,2,20250725
73,2,20250728
73,2,20250729
73,2,20250730
73,2,20250731
73,2,20250801
73,2,20250804
73,2,20250805
73,2,20250806
73,2,20250807
73,2,20250808
73,2,20250811
73,2,20250812
73,2,20250813
73,2,20250814
73,2,20250815
73,2,20250818
73,2,20250819
73,2,20250820
73,2,20250821
73,2,20250822
73,2,20250825
73,2,20250826
73,2,20250827
73,2,20250828
73,2,20250829
73,2,20250901
73,2,20250902
73,2,20250903
73,2,20250904
73,2,20250905
73,2,20251201
74,2,20241225
74,2,20250101
74,2,20250420
74,2,20250608
74,2,20250614
74,2,20250615
74,2,20250616
74,2,20250617
74,2,20250618
74,2,20250619
74,2,20250620
74,2,20250621
74,2,20250622
74,2,20250623
74,2,20250624
74,2,20250625
74,2,20250626
74,2,20250627
74,2,20250628
74,2,20250629
74,2,20250630
74,2,20250701
74,2,20250702
74,2,20250703
74,2,20250704
74,2,20250705
74,2,20250706
74,2,20250707
74,2,20250708
74,2,20250709
74,2,20250710
74,2,20250711
74,2,20250712
74,2,20250713
74,2,20250714
74,2,20250715
74,2,20250716
74,2,20250717
74,2,20250718
74,2,20250719
74,2,20250720
74,2,20250721
74,2,20250722
74,2,20250723
74,2,20250724
74,2,20250725
74,2,20250726
74,2,20250727
74,2,20250728
74,2,20250729
74,2,20250730
74,2,20250731
74,2,20250801
74,2,20250802
74,2,20250803
74,2,20250804
74,2,20250805
74,2,20250806
74,2,20250807
74,2,20250808
74,2,20250809
74,2,20250810
74,2,20250811
74,2,20250812
74,2,20250813
74,2,20250814
74,2,20250815
74,2,20250816
74,2,20250817
74,2,20250818
74,2,20250819
74,2,20250820
74,2,20250821
74,2,20250822
74,2,20250823
74,2,20250824
74,2,20250825
74,2,20250826
74,2,20250827
74,2,20250828
74,2,20250829
74,2,20250830
74,2,20250831
74,2,20250901
74,2,20250902
74,2,20250903
74,2,20250904
74,2,20250905
74,2,20250906
74,2,20250907
77,2,20241225
77,2,20241226
77,2,20250101
77,2,20250102
77,2,20250106
77,2,20250107
77,2,20250124
77,2,20250418
77,2,20250421
77,2,20250501
77,2,20250609
77,2,20250815
77,2,20251201
79,2,20241225
79,2,20241226
79,2,20250101
79,2,20250102
79,2,20250106
79,2,20250107
79,2,20250124
79,2,20250418
79,2,20250421
79,2,20250501
79,2,20250609
79,2,20250616
79,2,20250617
79,2,20250618
79,2,20250619
79,2,20250620
79,2,20250623
79,2,20250624
79,2,20250625
79,2,20250626
79,2,20250627
79,2,20250630
79,2,20250701
79,2,20250702
79,2,20250703
79,2,20250704
79,2,20250707
79,2,20250708
79,2,20250709
79,2,20250710
79,2,20250711
79,2,20250714
79,2,20250715
79,2,20250716
79,2,20250717
79,2,20250718
79,2,20250721
79,2,20250722
79,2,20250723
79,2,20250724
79,2,20250725
79,2,20250728
79,2,20250729
79,2,20250730
79,2,20250731
79,2,20250801
79,2,20250804
79,2,20250805
79,2,20250806
79,2,20250807
79,2,20250808
79,2,20250811
79,2,20250812
79,2,20250813
79,2,20250814
79,2,20250815
79,2,20250818
79,2,20250819
79,2,20250820
79,2,20250821
79,2,20250822
79,2,20250825
79,2,20250826
79,2,20250827
79,2,20250828
79,2,20250829
79,2,20250901
79,2,20250902
79,2,20250903
79,2,20250904
79,2,20250905
79,2,20251201
8,2,20241225
8,2,20250101
8,2,20250420
81,2,20241225
81,2,20241226
81,2,20250101
81,2,20250102
81,2,20250106
81,2,20250107
81,2,20250124
81,2,20250418
81,2,20250421
81,2,20250501
81,2,20250609
81,2,20250815
81,2,20251201
82,1,20241216
82,1,20241217
82,1,20241218
82,1,20241219
82,1,20241220
82,2,20250124
82,2,20250418
82,2,20250421
82,2,20250422
82,2,20250423
82,2,20250424
82,2,20250425
82,2,20250501
82,2,20250609
82,2,20250623
82,2,20250624
82,2,20250625
82,2,20250626
82,2,20250627
82,2,20250630
82,2,20250701
82,2,20250702
82,2,20250703
82,2,20250704
82,2,20250707
82,2,20250708
82,2,20250709
82,2,20250710
82,2,20250711
82,2,20250714
82,2,20250715
82,2,20250716
82,2,20250717
82,2,20250718
82,2,20250721
82,2,20250722
82,2,20250723
82,2,20250724
82,2,20250725
82,2,20250728
82,2,20250729
82,2,20250730
82,2,20250731
82,2,20250801
82,2,20250804
82,2,20250805
82,2,20250806
82,2,20250807
82,2,20250808
82,2,20250811
82,2,20250812
82,2,20250813
82,2,20250814
82,2,20250815
82,2,20250818
82,2,20250819
82,2,20250820
82,2,20250821
82,2,20250822
82,2,20250825
82,2,20250826
82,2,20250827
82,2,20250828
82,2,20250829
82,2,20250901
82,2,20250902
82,2,20250903
82,2,20250904
82,2,20250905
82,2,20251201
83,2,20241225
83,2,20250101
84,2,20241225
84,2,20250101
86,2,20241225
86,2,20241226
86,2,20241231
86,2,20250101
86,2,20250417
86,2,20250418
87,2,20250815
87,2,20251201
89,1,20241224
89,1,20241225
89,1,20241226
89,1,20241231
89,1,20250101
89,1,20250102
89,1,20250107
89,1,20250422
89,1,20250423
89,1,20250424
89,1,20250501
89,1,20250908
90,1,20241223
90,1,20241224
90,1,20241225
90,1,20241226
90,1,20241227
90,1,20241230
90,1,20241231
90,1,20250101
90,1,20250102
90,1,20250103
90,1,20250106
90,1,20250107
90,1,20250124
90,1,20250418
90,1,20250421
90,1,20250422
90,1,20250423
90,1,20250424
90,1,20250425
90,1,20250501
90,1,20250609
90,1,20250623
90,1,20250624
90,1,20250625
90,1,20250626
90,1,20250627
90,1,20250630
90,1,20250701
90,1,20250702
90,1,20250703
90,1,20250704
90,1,20250707
90,1,20250708
90,1,20250709
90,1,20250710
90,1,20250711
90,1,20250714
90,1,20250715
90,1,20250716
90,1,20250717
90,1,20250718
90,1,20250721
90,1,20250722
90,1,20250723
90,1,20250724
90,1,20250725
90,1,20250728
90,1,20250729
90,1,20250730
90,1,20250731
90,1,20250801
90,1,20250804
90,1,20250805
90,1,20250806
90,1,20250807
90,1,20250808
90,1,20250811
90,1,20250812
90,1,20250813
90,1,20250814
90,1,20250815
90,1,20250818
90,1,20250819
90,1,20250820
90,1,20250821
90,1,20250822
90,1,20250825
90,1,20250826
90,1,20250827
90,1,20250828
90,1,20250829
90,1,20250901
90,1,20250902
90,1,20250903
90,1,20250904
90,1,20250905
90,1,20251201
91,2,20250815
92,1,20241216
92,1,20241217
92,1,20241218
92,1,20241219
92,1,20241220
92,2,20250224
92,2,20250225
92,2,20250226
92,2,20250227
92,2,20250228
92,2,20250418
92,2,20250421
92,2,20250422
92,2,20250423
92,2,20250424
92,2,20250425
92,2,20250623
92,2,20250624
92,2,20250625
92,2,20250626
92,2,20250627
92,2,20250630
92,2,20250701
92,2,20250702
92,2,20250703
92,2,20250704
92,2,20250707
92,2,20250708
92,2,20250709
92,2,20250710
92,2,20250711
92,2,20250714
92,2,20250715
92,2,20250716
92,2,20250717
92,2,20250718
92,2,20250721
92,2,20250722
92,2,20250723
92,2,20250724
92,2,20250725
92,2,20250728
92,2,20250729
92,2,20250730
92,2,20250731
92,2,20250801
92,2,20250804
92,2,20250805
92,2,20250806
92,2,20250807
92,2,20250808
92,2,20250811
92,2,20250812
92,2,20250813
92,2,20250814
92,2,20250815
92,2,20250818
92,2,20250819
92,2,20250820
92,2,20250821
92,2,20250822
92,2,20250825
92,2,20250826
92,2,20250827
92,2,20250828
92,2,20250829
92,2,20250901
92,2,20250902
92,2,20250903
92,2,20250904
92,2,20250905
93,2,20241225
93,2,20250101
93,2,20250419
93,2,20250608
95,2,20241225
95,2,20241226
95,2,20250101
95,2,20250102
95,2,20250106
95,2,20250107
95,2,20250124
95,2,20250418
95,2,20250421
95,2,20250501
95,2,20250609
95,2,20250815
95,2,20251201
96,2,20250614
96,2,20250615
96,2,20250616
96,2,20250617
96,2,20250618
96,2,20250619
96,2,20250620
96,2,20250621
96,2,20250622
96,2,20250623
96,2,20250624
96,2,20250625
96,2,20250626
96,2,20250627
96,2,20250628
96,2,20250629
96,2,20250630
96,2,20250701
96,2,20250702
96,2,20250703
96,2,20250704
96,2,20250705
96,2,20250706
96,2,20250707
96,2,20250708
96,2,20250709
96,2,20250710
96,2,20250711
96,2,20250712
96,2,20250713
96,2,20250714
96,2,20250715
96,2,20250716
96,2,20250717
96,2,20250718
96,2,20250719
96,2,20250720
96,2,20250721
96,2,20250722
96,2,20250723
96,2,20250724
96,2,20250725
96,2,20250726
96,2,20250727
96,2,20250728
96,2,20250729
96,2,20250730
96,2,20250731
96,2,20250801
96,2,20250802
96,2,20250803
96,2,20250804
96,2,20250805
96,2,20250806
96,2,20250807
96,2,20250808
96,2,20250809
96,2,20250810
96,2,20250811
96,2,20250812
96,2,20250813
96,2,20250814
96,2,20250815
96,2,20250816
96,2,20250817
96,2,20250818
96,2,20250819
96,2,20250820
96,2,20250821
96,2,20250822
96,2,20250823
96,2,20250824
96,2,20250825
96,2,20250826
96,2,20250827
96,2,20250828
96,2,20250829
96,2,20250830
96,2,20250831
96,2,20250901
96,2,20250902
96,2,20250903
96,2,20250904
96,2,20250905
96,2,20250906
96,2,20250907
98,2,20241225
98,2,20241226
98,2,20250101
98,2,20250102
98,2,20250106
98,2,20250107
98,2,20250124
98,2,20250418
98,2,20250421
98,2,20250501
98,2,20250609
98,2,20250616
98,2,20250617
98,2,20250618
98,2,20250619
98,2,20250620
98,2,20250623
98,2,20250624
98,2,20250625
98,2,20250626
98,2,20250627
98,2,20250630
98,2,20250701
98,2,20250702
98,2,20250703
98,2,20250704
98,2,20250707
98,2,20250708
98,2,20250709
98,2,20250710
98,2,20250711
98,2,20250714
98,2,20250715
98,2,20250716
98,2,20250717
98,2,20250718
98,2,20250721
98,2,20250722
98,2,20250723
98,2,20250724
98,2,20250725
98,2,20250728
98,2,20250729
98,2,20250730
98,2,20250731
98,2,20250801
98,2,20250804
98,2,20250805
98,2,20250806
98,2,20250807
98,2,20250808
98,2,20250811
98,2,20250812
98,2,20250813
98,2,20250814
98,2,20250815
98,2,20250818
98,2,20250819
98,2,20250820
98,2,20250821
98,2,20250822
98,2,20250825
98,2,20250826
98,2,20250827
98,2,20250828
98,2,20250829
98,2,20250901
98,2,20250902
98,2,20250903
98,2,20250904
98,2,20250905
98,2,20251201
