route_id,service_id,trip_short_name,shape_id,trip_id
1,1,1054,shp_103_3329,1054
1,2,1052,shp_103_3328,1052
100,1,11426,shp_106_2582,11426
100,1,11428,shp_106_2583,11428
100,1,11430,shp_106_2584,11430
100,1,11432,shp_106_2585,11432
100,1,11434,shp_106_2586,11434
1002,1,6813,shp_106_3223,6813
1004,17,5055,shp_106_3109,5055
1006,23,2701,shp_106_3114,2701
1007,56,1621,shp_103_2106,1621
1010,1,8001,shp_106_2197,8001
1012,72,1920,shp_105_2427,1920
1014,107,8006,shp_106_2444,8006
1016,1,1691,shp_103_2120,1691
102,1,11401,shp_106_2670,11401
102,1,11403,shp_106_2671,11403
102,1,11405,shp_106_2672,11405
102,1,11407,shp_106_2674,11407
102,1,11409,shp_106_2688,11409
102,1,11411,shp_106_2677,11411
102,1,11413,shp_106_2678,11413
1023,190,3531,shp_106_2001,3531
1024,191,1822a,shp_105_440,1822a
1026,3,1990,shp_105_2440,1990
1027,1,1692,shp_103_3498,1692
103,1,11200,shp_106_2920,11200
103,1,11202,shp_106_2922,11202
103,1,11204,shp_106_2921,11204
103,1,11206,shp_106_2923,11206
103,1,11208,shp_106_2924,11208
103,1,11210,shp_106_2934,11210
103,1,11212,shp_106_2933,11212
104,1,11462,shp_106_3357,11462
106,1,11331,shp_106_1805,11331
106,1,11333,shp_106_1807,11333
106,1,11335,shp_106_1818,11335
106,1,11337,shp_106_1821,11337
106,1,11339,shp_106_1839,11339
106,1,11341,shp_106_1852,11341
106,1,11343,shp_106_1868,11343
106,1,11345,shp_106_1869,11345
106,1,11347,shp_106_1935,11347
106,1,11349,shp_106_1945,11349
106,1,11351,shp_106_1947,11351
106,1,11353,shp_106_1948,11353
106,1,11355,shp_106_1949,11355
106,1,11357,shp_106_1950,11357
107,1,11423,shp_106_2680,11423
107,1,11425,shp_106_2681,11425
107,1,11427,shp_106_2685,11427
107,1,11429,shp_106_2684,11429
107,1,11431,shp_106_2683,11431
107,1,11433,shp_106_2686,11433
108,1,11372,shp_106_388,11372
108,1,11376,shp_106_381,11376
108,1,11380,shp_106_385,11380
108,1,11384,shp_106_389,11384
109,1,11271,shp_106_3484,11271
109,1,11273,shp_106_3486,11273
109,1,11275,shp_106_3487,11275
109,1,11277,shp_106_3488,11277
109,1,11279,shp_106_3490,11279
109,1,11281,shp_106_3491,11281
11,5,11504,shp_105_732,11504
111,1,11475,shp_106_3093,11475
111,1,11477,shp_106_3095,11477
111,1,11479,shp_106_3096,11479
111,1,11481,shp_106_3105,11481
111,1,11483,shp_106_3099,11483
111,1,11485,shp_106_3100,11485
111,1,11487,shp_106_3102,11487
111,1,11489,shp_106_3104,11489
112,1,11445,shp_106_3148,11445
112,1,11451,shp_106_3150,11451
113,34,AUTO11182,shp_106_2331,AUTO11182
113,34,AUTO11186,shp_106_2331,AUTO11186
114,1,11311,shp_106_1238,11311
114,1,11315,shp_106_1268,11315
114,1,11317,shp_106_1289,11317
114,1,11321,shp_106_1332,11321
115,1,11470,shp_106_3561,11470
115,1,11472,shp_106_3562,11472
115,1,11474,shp_106_3565,11474
115,1,11476,shp_106_3567,11476
115,1,11478,shp_106_3566,11478
115,1,11480,shp_106_3568,11480
115,1,11482,shp_106_3569,11482
115,1,11484,shp_106_3570,11484
115,1,11486,shp_106_3571,11486
116,1,11389,shp_106_1951,11389
116,1,11391,shp_106_1952,11391
116,1,11393,shp_106_1955,11393
116,1,11395,shp_106_1957,11395
116,1,11397,shp_106_1959,11397
116,1,11399,shp_106_1958,11399
116,1,14245,shp_106_1962,14245
118,1,11388,shp_106_3628,11388
118,1,11390,shp_106_3636,11390
118,1,11392,shp_106_3634,11392
118,1,11394,shp_106_3632,11394
118,1,11396,shp_106_3633,11396
118,1,11398,shp_106_3631,11398
118,1,14244,shp_106_3635,14244
119,1,11120,shp_106_2523,11120
119,1,11122,shp_106_2524,11122
119,1,11124,shp_106_2525,11124
119,1,11126,shp_106_2536,11126
119,1,14246,shp_106_2531,14246
12,4,11521,shp_103_2070,11521
12,6,11523,shp_103_2072,11523
12,8,11525,shp_103_2071,11525
120,1,11370,shp_106_3608,11370
120,1,11374,shp_106_3607,11374
120,1,11378,shp_106_3609,11378
120,1,11382,shp_106_3611,11382
121,1,11270,shp_106_2772,11270
121,1,11272,shp_106_2773,11272
121,1,11274,shp_106_2774,11274
121,1,11276,shp_106_2776,11276
121,1,11278,shp_106_2778,11278
121,1,11280,shp_106_2781,11280
122,1,11441,shp_106_2543,11441
123,1,11400,shp_106_2662,11400
123,1,11402,shp_106_2663,11402
123,1,11404,shp_106_2668,11404
123,1,11406,shp_106_2666,11406
123,1,11408,shp_106_2665,11408
123,1,11410,shp_106_2679,11410
123,1,11412,shp_106_2669,11412
125,1,11014,shp_106_3379,11014
126,1,11028,shp_106_1665,11028
126,1,11030,shp_106_1752,11030
126,1,11032,shp_106_1773,11032
126,1,11032A,shp_106_1804,11032A
126,1,11034,shp_106_1803,11034
126,1,11036,shp_106_1816,11036
126,1,11038,shp_106_1849,11038
127,1,11201,shp_106_408,11201
127,1,11203,shp_106_410,11203
127,1,11205,shp_106_409,11205
127,1,11207,shp_106_407,11207
127,1,11209,shp_106_417,11209
127,1,11211,shp_106_413,11211
127,1,11213,shp_106_418,11213
128,1,11056,shp_106_2883,11056
128,1,11058,shp_106_2885,11058
129,1,11422,shp_106_3551,11422
129,1,11424,shp_106_3550,11424
13,7,11531,shp_103_2080,11531
13,7,11531A,shp_103_2077,11531A
13,7,11537,shp_103_2079,11537
13,8,11533,shp_103_2078,11533
13,8,11535,shp_103_2084,11535
130,1,11162,shp_106_412,11162
130,1,11166,shp_106_411,11166
130,1,11170,shp_106_415,11170
130,1,11174,shp_106_414,11174
130,1,11178,shp_106_416,11178
130,1,14248,shp_106_422,14248
131,1,11158,shp_106_3198,11158
131,1,11160,shp_106_3197,11160
131,1,11168,shp_106_3196,11168
131,1,11176,shp_106_3195,11176
132,1,11140,shp_106_3476,11140
132,1,11142,shp_106_3478,11142
132,1,11144,shp_106_3477,11144
132,1,11146,shp_106_3479,11146
132,1,11148,shp_106_3480,11148
133,1,11301,shp_106_3376,11301
133,1,11303,shp_106_3378,11303
134,1,11491,shp_106_3103,11491
135,1,11366,shp_106_2016,11366
135,1,11368,shp_106_2018,11368
136,1,11016,shp_106_2790,11016
136,1,11020,shp_106_2793,11020
137,1,11461,shp_106_2694,11461
139,1,11141,shp_106_3131,11141
139,1,11143,shp_106_3135,11143
139,1,11145,shp_106_3132,11145
139,1,11147,shp_106_3133,11147
139,1,11149,shp_106_3134,11149
14,4,11505,shp_103_2075,11505
14,6,11509,shp_103_2076,11509
140,1,11310,shp_106_3445,11310
140,1,11316,shp_106_3444,11316
140,1,11318,shp_106_3447,11318
142,1,11443,shp_106_3155,11443
144,1,11362,shp_106_2015,11362
144,1,11364,shp_106_2017,11364
145,1,11454,shp_106_2692,11454
145,1,6414,shp_106_2725,6414
145,1,6416,shp_106_2727,6416
145,44,6412,shp_106_2724,6412
146,1,11121,shp_106_3471,11121
146,1,11123,shp_106_3472,11123
146,1,11125,shp_106_3474,11125
146,1,11127,shp_106_3475,11127
146,1,14247,shp_106_3489,14247
147,1,11360,shp_106_3225,11360
147,17,4580,shp_106_3226,4580
147,17,4582,shp_106_3229,4582
149,1,11063,shp_106_2886,11063
149,1,11065,shp_106_2890,11065
149,1,14203,shp_106_2889,14203
149,1,14205,shp_106_2891,14205
15,11,11538,shp_103_1968,11538
15,7,11534,shp_103_1964,11534
15,8,11532,shp_103_1966,11532
15,8,11536,shp_103_1965,11536
150,34,AUTO11181,shp_106_3187,AUTO11181
150,34,AUTO11185,shp_106_3187,AUTO11185
151,35,11012,shp_106_3375,11012
152,1,11453,shp_106_3586,11453
152,1,11455,shp_106_3589,11455
152,1,6411,shp_106_3591,6411
152,44,6413,shp_106_3592,6413
154,1,11161,shp_106_3183,11161
154,1,11171,shp_106_3184,11171
155,1,11300,shp_106_2792,11300
155,1,11302,shp_106_2794,11302
157,1,11164,shp_106_3617,11164
157,1,11172,shp_106_3616,11172
158,3,11084,shp_103_1970,11084
158,36,11094,shp_103_1969,11094
159,1,11312,shp_106_2292,11312
159,1,11320,shp_106_2293,11320
159,1,11322,shp_106_2294,11322
16,9,11502,shp_105_2422,11502
161,1,11183,shp_106_3481,11183
161,1,11185,shp_106_3482,11185
161,1,11187,shp_106_3483,11187
161,1,11189,shp_106_3485,11189
163,1,11015,shp_106_1096,11015
163,1,11019,shp_106_1107,11019
165,1,11446,shp_106_2693,11446
166,1,11367,shp_106_3224,11367
169,1,11101,shp_106_3464,11101
169,1,11103,shp_106_3465,11103
169,1,11105,shp_106_3468,11105
169,1,11107,shp_106_3467,11107
169,1,11109,shp_106_3473,11109
17,10,11501,shp_105_2081,11501
170,1,11440,shp_106_2544,11440
170,1,11444,shp_106_2546,11444
171,1,11435,shp_106_2687,11435
171,1,11437,shp_106_2689,11437
173,1,11017,shp_106_1112,11017
173,35,11011,shp_106_1105,11011
174,1,11052,shp_106_3120,11052
174,1,11054,shp_106_3119,11054
175,1,11018,shp_106_2859,11018
176,1,11314,shp_106_2291,11314
178,1,11471,shp_106_2588,11471
178,1,11473,shp_106_2589,11473
18,7,11520,shp_103_3541,11520
18,8,11522,shp_103_3542,11522
180,3,11086,shp_103_2816,11086
180,36,11096,shp_103_2821,11096
181,1,11082,shp_106_2403,11082
182,1,11013,shp_106_1095,11013
182,34,14291,shp_106_1119,14291
183,1,11180,shp_106_3191,11180
183,1,11182,shp_106_3188,11182
183,1,11184,shp_106_3189,11184
183,1,11186,shp_106_3190,11186
184,1,11062,shp_106_2676,11062
184,1,11064,shp_106_2691,11064
184,1,14202,shp_106_2695,14202
184,1,14204,shp_106_2696,14204
185,1,11450,shp_106_2251,11450
186,1,11100,shp_106_3137,11100
186,1,11102,shp_106_3136,11102
186,1,11104,shp_106_3139,11104
186,1,11106,shp_106_3141,11106
186,1,11108,shp_106_3140,11108
186,1,14250,shp_106_3144,14250
187,1,11081,shp_106_2069,11081
188,1,11631,shp_106_2083,11631
188,1,11635,shp_106_2085,11635
188,39,11633,shp_106_2086,11633
19,12,11500,shp_105_481,11500
190,1,11632,shp_106_1961,11632
190,1,11634,shp_106_1963,11634
190,39,11636,shp_106_1967,11636
192,38,11682,shp_103_2405,11682
192,40,11684,shp_103_2406,11684
195,1,11613,shp_106_2074,11613
195,1,11615,shp_106_2082,11615
195,37,11611,shp_106_2073,11611
196,38,11683,shp_103_2087,11683
196,40,11681,shp_103_2088,11681
197,1,11612,shp_106_2486,11612
197,1,11614,shp_106_2483,11614
197,37,11616,shp_106_2484,11616
198,1,10240,shp_106_2874,10240
198,1,10242,shp_106_2875,10242
198,1,10250,shp_106_2878,10250
198,1,10252,shp_106_2879,10252
198,1,10256,shp_106_2880,10256
198,17,10246,shp_106_2877,10246
198,17,10254,shp_106_2882,10254
198,18,10248,shp_106_2876,10248
198,44,10258,shp_106_2881,10258
199,34,Auto10300,shp_106_747,Auto10300
199,34,Auto10302,shp_106_747,Auto10302
199,34,Auto10304,shp_106_747,Auto10304
199,34,Auto10306,shp_106_747,Auto10306
199,34,Auto10308,shp_106_747,Auto10308
199,34,Auto10310,shp_106_747,Auto10310
2,1,1051,shp_103_3557,1051
2,2,1053,shp_103_3558,1053
20,13,11510,shp_103_2814,11510
20,4,11506,shp_103_2813,11506
200,32,Auto10039,shp_106_2402,Auto10039
200,41,Auto10035,shp_106_2402,Auto10035
200,43,Auto10033,shp_106_2402,Auto10033
200,46,Auto10037,shp_106_2402,Auto10037
201,34,Auto10301,shp_106_2349,Auto10301
201,34,Auto10303,shp_106_2349,Auto10303
201,34,Auto10305,shp_106_2349,Auto10305
201,34,Auto10307,shp_106_2349,Auto10307
201,34,Auto10309,shp_106_2349,Auto10309
201,34,Auto10311,shp_106_2349,Auto10311
201,34,Auto10313,shp_106_2349,Auto10313
201,34,Auto10315,shp_106_2349,Auto10315
202,1,10348,shp_106_2908,10348
202,1,10350,shp_106_2909,10350
202,1,10352,shp_106_2911,10352
202,1,10356,shp_106_2912,10356
202,1,10358,shp_106_2913,10358
202,1,10362,shp_106_2915,10362
202,1,10364,shp_106_2917,10364
202,17,10354,shp_106_2910,10354
202,18,10366,shp_106_2916,10366
202,44,10360,shp_106_2914,10360
203,1,10221,shp_106_3075,10221
203,1,10223,shp_106_3076,10223
203,1,10229,shp_106_3082,10229
203,1,10231,shp_106_3081,10231
203,1,10233,shp_106_3090,10233
203,1,10235,shp_106_3083,10235
203,1,10239,shp_106_3086,10239
203,18,10237,shp_106_3084,10237
203,45,10227,shp_106_3079,10227
203,47,10225,shp_106_3077,10225
204,1,10271,shp_106_3524,10271
204,1,10273,shp_106_3525,10273
204,1,10275,shp_106_3529,10275
204,1,10279,shp_106_3533,10279
204,1,10281,shp_106_3534,10281
204,1,10283,shp_106_3530,10283
204,1,10285,shp_106_3532,10285
204,1,10287,shp_106_3536,10287
204,1,10289,shp_106_3538,10289
204,1,10291,shp_106_3537,10291
204,1,10293,shp_106_3539,10293
204,18,10277,shp_106_3526,10277
206,42,10056,shp_106_284,10056
206,42,10058,shp_106_282,10058
207,1,10101,shp_106_2033,10101
207,1,10103,shp_106_2036,10103
207,1,10105,shp_106_2037,10105
207,1,10107,shp_106_2039,10107
207,1,10109,shp_106_2038,10109
207,1,10111,shp_106_2040,10111
207,1,10113,shp_106_2042,10113
207,1,10115,shp_106_2041,10115
207,1,10117,shp_106_2043,10117
207,1,10119,shp_106_2044,10119
207,1,10121,shp_106_2046,10121
207,1,10123,shp_106_2049,10123
207,1,10129,shp_106_2047,10129
207,1,10131,shp_106_2050,10131
207,1,7901,shp_106_2162,7901
207,1,7903,shp_106_2164,7903
207,1,7905,shp_106_2166,7905
207,1,7907,shp_106_2168,7907
207,1,7909,shp_106_2167,7909
207,1,7911,shp_106_2169,7911
207,1,7915,shp_106_2170,7915
207,1,7917,shp_106_2173,7917
207,1,7919,shp_106_2174,7919
207,1,7921,shp_106_2175,7921
207,1,7923,shp_106_2177,7923
207,1,7925,shp_106_2176,7925
207,1,7927,shp_106_2178,7927
207,1,7929,shp_106_2179,7929
207,1,7931,shp_106_2181,7931
207,1,7933,shp_106_2182,7933
207,1,7937,shp_106_2183,7937
207,1,7941,shp_106_2186,7941
207,1,7943,shp_106_2187,7943
207,1,7945,shp_106_2188,7945
207,1,7947,shp_106_2189,7947
207,1,7961,shp_106_2190,7961
207,1,7963,shp_106_2192,7963
208,1,10061,shp_106_3073,10061
208,1,10062,shp_106_3071,10062
208,1,10064,shp_106_3072,10064
208,1,10065,shp_106_3080,10065
208,1,10069,shp_106_3078,10069
209,1,10270,shp_106_2932,10270
209,1,10272,shp_106_2935,10272
209,1,10274,shp_106_2936,10274
209,1,10276,shp_106_2937,10276
209,1,10278,shp_106_2938,10278
209,1,10280,shp_106_2939,10280
209,1,10282,shp_106_2940,10282
209,1,10284,shp_106_2941,10284
209,1,10286,shp_106_2942,10286
209,1,10288,shp_106_2943,10288
209,1,10290,shp_106_2944,10290
21,14,Auto10550,shp_106_2675,Auto10550
21,14,Auto10560,shp_106_2675,Auto10560
21,15,Auto10552,shp_106_2675,Auto10552
21,15,Auto10554,shp_106_2675,Auto10554
21,15,Auto10556,shp_106_2675,Auto10556
21,15,Auto10558,shp_106_2675,Auto10558
21,15,Auto10562,shp_106_2675,Auto10562
21,33,Auto10566,shp_106_2675,Auto10566
211,1,10021,shp_103_2025,10021
211,1,10023,shp_103_2024,10023
211,1,1631,shp_103_2107,1631
211,1,1633,shp_103_2108,1633
211,74,1635,shp_103_2109,1635
212,1,10220,shp_106_3318,10220
212,1,10222,shp_106_3319,10222
212,1,10224,shp_106_3320,10224
212,1,10226,shp_106_3321,10226
212,1,10232,shp_106_3324,10232
212,1,10234,shp_106_3323,10234
212,1,10236,shp_106_3326,10236
212,1,10238,shp_106_3327,10238
212,45,10230,shp_106_3325,10230
212,47,10228,shp_106_3322,10228
214,1,10210,shp_106_3037,10210
215,1,10411,shp_106_1480,10411
215,1,10413,shp_106_1481,10413
215,1,10415,shp_106_1547,10415
215,1,10417,shp_106_1554,10417
216,34,Auto10320,shp_106_745,Auto10320
216,34,Auto10322,shp_106_745,Auto10322
217,1,10203,shp_106_3384,10203
217,1,10205,shp_106_3386,10205
217,1,10209,shp_106_3388,10209
218,1,10243,shp_106_3092,10243
218,1,10245,shp_106_3087,10245
218,1,10249,shp_106_3089,10249
218,1,10255,shp_106_3094,10255
218,1,10257,shp_106_3098,10257
218,17,10241,shp_106_3085,10241
218,17,10247,shp_106_3088,10247
218,17,10251,shp_106_3091,10251
218,17,10253,shp_106_3097,10253
218,25,10259,shp_106_3101,10259
219,32,Auto10401,shp_106_2409,Auto10401
219,32,Auto10403,shp_106_2409,Auto10403
219,32,Auto10405,shp_106_2409,Auto10405
219,32,Auto10407,shp_106_2409,Auto10407
22,1,10617,shp_106_927,10617
22,1,10619,shp_106_932,10619
22,1,10621,shp_106_936,10621
22,1,10623,shp_106_1009,10623
22,1,10625,shp_106_1010,10625
22,1,10627,shp_106_1011,10627
22,1,10629,shp_106_1012,10629
220,1,10349,shp_106_2258,10349
220,1,10351,shp_106_2259,10351
220,1,10353,shp_106_2260,10353
220,1,10357,shp_106_2262,10357
220,1,10361,shp_106_2268,10361
220,1,10365,shp_106_2270,10365
220,1,10367,shp_106_2271,10367
220,17,10355,shp_106_2261,10355
220,18,10363,shp_106_2269,10363
220,44,10359,shp_106_2267,10359
221,3,10082,shp_103_2404,10082
222,1,10031,shp_103_1753,10031
223,3,10084,shp_103_2810,10084
224,1,10063,shp_106_2023,10063
224,1,10067,shp_106_2028,10067
224,1,10075,shp_106_2027,10075
224,1,10077,shp_106_2030,10077
224,1,10079,shp_106_2031,10079
225,34,Auto10341,shp_106_2335,Auto10341
226,1,10051,shp_106_2021,10051
226,1,10053,shp_106_2022,10053
226,1,10055,shp_106_2020,10055
228,1,10261,shp_106_2057,10261
228,1,10263,shp_106_2056,10263
228,1,10267,shp_106_2058,10267
229,34,Auto10340,shp_106_3398,Auto10340
229,34,Auto10344,shp_106_3398,Auto10344
230,1,10260,shp_106_3041,10260
230,1,10262,shp_106_3042,10262
230,1,10266,shp_106_3043,10266
233,34,Auto10331,shp_106_2336,Auto10331
234,1,10410,shp_106_2352,10410
234,1,10412,shp_106_2351,10412
234,1,10414,shp_106_2353,10414
234,1,10416,shp_106_2354,10416
234,1,14030,shp_106_2369,14030
235,32,Auto10034,shp_106_2985,Auto10034
235,32,Auto10036,shp_106_2985,Auto10036
235,46,Auto10038,shp_106_2985,Auto10038
235,48,Auto10032,shp_106_2985,Auto10032
236,1,10022,shp_103_1806,10022
236,1,10024,shp_103_1739,10024
236,1,1632,shp_103_1975,1632
236,1,1638,shp_103_1977,1638
236,25,1636,shp_103_1979,1636
237,1,10091,shp_106_2032,10091
237,1,10093,shp_106_2034,10093
238,42,10057,shp_106_2026,10057
238,42,10059,shp_106_2029,10059
239,1,10072,shp_103_2616,10072
239,25,10074,shp_103_2611,10074
239,25,10074*,shp_103_2610,10074*
240,1,10182,shp_106_2594,10182
240,1,10184,shp_106_2595,10184
241,32,Auto10400,shp_106_353,Auto10400
241,32,Auto10402,shp_106_353,Auto10402
241,32,Auto10404,shp_106_353,Auto10404
241,32,Auto10406,shp_106_353,Auto10406
242,1,10090,shp_106_3154,10090
242,1,10092,shp_106_3153,10092
243,34,Auto10330,shp_106_920,Auto10330
243,34,Auto10332,shp_106_920,Auto10332
245,1,10102,shp_106_108,10102
245,1,10104,shp_106_109,10104
245,1,10106,shp_106_107,10106
245,1,10108,shp_106_139,10108
245,1,10110,shp_106_113,10110
245,1,10112,shp_106_115,10112
245,1,10114,shp_106_123,10114
245,1,10116,shp_106_148,10116
245,1,10118,shp_106_154,10118
245,1,10120,shp_106_158,10120
245,1,10122,shp_106_242,10122
245,1,10124,shp_106_305,10124
245,1,10130,shp_106_238,10130
245,1,10132,shp_106_239,10132
245,1,7902,shp_106_278,7902
245,1,7904,shp_106_277,7904
245,1,7906,shp_106_286,7906
245,1,7908,shp_106_279,7908
245,1,7910,shp_106_281,7910
245,1,7912,shp_106_283,7912
245,1,7914,shp_106_289,7914
245,1,7918,shp_106_285,7918
245,1,7920,shp_106_287,7920
245,1,7922,shp_106_332,7922
245,1,7924,shp_106_296,7924
245,1,7926,shp_106_294,7926
245,1,7928,shp_106_337,7928
245,1,7930,shp_106_297,7930
245,1,7932,shp_106_298,7932
245,1,7934,shp_106_316,7934
245,1,7936,shp_106_318,7936
245,1,7938,shp_106_347,7938
245,1,7940,shp_106_352,7940
245,1,7944,shp_106_356,7944
245,1,7946,shp_106_369,7946
245,1,7948,shp_106_380,7948
245,1,7962,shp_106_329,7962
245,1,7964,shp_106_331,7964
247,3,10085,shp_103_2055,10085
249,1,10202,shp_106_3387,10202
25,1,10760,shp_106_2847,10760
25,1,10762,shp_106_2848,10762
25,1,10764,shp_106_2849,10764
25,1,10766,shp_106_2850,10766
25,1,10768,shp_106_2852,10768
250,3,10081,shp_103_2051,10081
251,34,Auto10321,shp_106_3396,Auto10321
251,34,Auto10323,shp_106_3397,Auto10323
251,34,Auto10325,shp_106_3397,Auto10325
252,3,10083,shp_103_2266,10083
253,1,10030,shp_103_2360,10030
254,1,10071,shp_103_2048,10071
254,25,10073,shp_103_2045,10073
256,3,10086,shp_103_2812,10086
258,1,10181,shp_106_2053,10181
258,1,10183,shp_106_2052,10183
259,1,10164,shp_106_3391,10164
26,1,10642,shp_106_2370,10642
26,1,10644,shp_106_2368,10644
26,1,10646,shp_106_2371,10646
261,1,10201,shp_106_3074,10201
262,34,Auto10346,shp_106_904,Auto10346
263,1,10050,shp_106_2265,10050
263,1,10052,shp_106_2264,10052
263,1,10054,shp_106_2263,10054
264,1,10165,shp_106_2054,10165
265,49,2872,shp_106_3406,2872
266,1,4205,shp_106_3588,4205
267,1,4207,shp_106_1292,4207
268,1,4335,shp_106_3580,4335
268,34,13403,shp_106_3578,13403
268,34,13405,shp_106_3579,13405
27,15,Auto10553,shp_106_2415,Auto10553
27,15,Auto10557,shp_106_2415,Auto10557
27,15,Auto10563,shp_106_2415,Auto10563
27,15,Auto10565,shp_106_2415,Auto10565
27,15,Auto10569,shp_106_2415,Auto10569
27,26,Auto10551,shp_106_2415,Auto10551
27,26,Auto10559,shp_106_2415,Auto10559
27,27,Auto10555,shp_106_2415,Auto10555
27,29,Auto10561,shp_106_2415,Auto10561
270,126,4073,shp_106_3380,4073
270,51,4361,shp_106_3382,4361
275,52,4321,shp_106_3210,4321
275,55,4317,shp_106_3209,4317
276,53,4322,shp_106_401,4322
276,55,4318,shp_106_400,4318
278,1,5213,shp_106_2398,5213
28,1,10577,shp_106_2779,10577
28,1,10579,shp_106_2780,10579
281,1,9552,shp_106_2327,9552
281,44,9556,shp_106_2328,9556
282,1,4373,shp_106_1272,4373
282,23,4371,shp_106_1557,4371
283,1,4372,shp_106_2575,4372
283,23,4374,shp_106_2577,4374
285,1,6444,shp_106_3006,6444
285,1,6446,shp_106_3003,6446
285,137,6442,shp_106_3002,6442
286,1,9358,shp_106_384,9358
286,1,9368,shp_106_392,9368
286,1,9372,shp_106_398,9372
286,17,9362,shp_106_390,9362
286,17,9364,shp_106_391,9364
286,17,9366,shp_106_399,9366
286,17,9370,shp_106_397,9370
288,1,9341,shp_106_3593,9341
288,1,9343,shp_106_3595,9343
288,118,9347,shp_106_3594,9347
288,17,9349,shp_106_3596,9349
289,1,2563,shp_106_3268,2563
289,1,2567,shp_106_3270,2567
289,1,2569,shp_106_3271,2569
290,1,359,shp_106_923,359
290,1,361,shp_106_924,361
290,1,363,shp_106_925,363
290,1,365,shp_106_933,365
290,1,369,shp_106_1008,369
291,1,4362,shp_106_2767,4362
291,23,4366,shp_106_2771,4366
292,1,9701,shp_106_2245,9701
292,1,9703,shp_106_2246,9703
292,1,9705,shp_106_2247,9705
292,1,9707,shp_106_2248,9707
292,1,9709,shp_106_2249,9709
292,1,9711,shp_106_2250,9711
292,1,9713,shp_106_2254,9713
293,56,1831,shp_103_3535,1831
295,1,2703,shp_106_3015,2703
295,1,2711,shp_106_3014,2711
296,23,6501,shp_106_3563,6501
296,23,6503,shp_106_3564,6503
296,23,6505,shp_106_3582,6505
299,17,9121,shp_106_2645,9121
299,25,9119,shp_106_2644,9119
299,44,9123,shp_106_2655,9123
3,1,11762,shp_102_2699,11762
3,1,11764,shp_102_2705,11764
30,1,10516,shp_106_2367,10516
30,1,10518,shp_106_2366,10518
300,57,3111,shp_106_452,3111
301,1,8151,shp_106_3573,8151
302,58,1641,shp_105_2111,1641
303,23,2386,shp_106_3385,2386
305,1,358,shp_106_2959,358
305,1,360,shp_106_2960,360
305,1,362,shp_106_2961,362
305,1,364,shp_106_2963,364
305,1,368,shp_106_2964,368
306,32,Auto3071,shp_106_2446,Auto3071
306,32,Auto3075,shp_106_2446,Auto3075
306,43,Auto3073,shp_106_2446,Auto3073
306,59,Auto3009,shp_106_2431,Auto3009
306,59,Auto3011,shp_106_2431,Auto3011
309,59,Auto1539,shp_103_2428,Auto1539
309,59,Auto1841,shp_103_2428,Auto1841
31,1,10605,shp_106_2946,10605
31,1,10609,shp_106_2954,10609
31,1,14121,shp_106_2955,14121
31,1,4333,shp_106_2967,4333
31,23,4341,shp_106_2974,4341
310,1,37630,shp_106_2775,37630
310,1,37656,shp_106_2777,37656
311,1,3112,shp_106_2966,3112
311,1,3116,shp_106_2968,3116
311,44,3118,shp_106_2971,3118
312,1,4008,shp_106_3381,4008
315,1,2062,shp_106_3250,2062
315,1,2070,shp_106_3252,2070
316,61,Auto3642,shp_106_1738,Auto3642
317,1,2382,shp_106_2578,2382
318,1,13353,shp_106_2980,13353
318,1,9553,shp_106_2979,9553
32,1,10733,shp_106_2549,10733
32,1,4541,shp_106_2559,4541
32,1,4543,shp_106_2558,4543
32,1,4547,shp_106_2564,4547
32,1,4549,shp_106_2565,4549
32,1,4553,shp_106_2567,4553
32,169,4551,shp_106_2566,4551
32,17,10737,shp_106_2550,10737
32,17,4545,shp_106_2561,4545
321,1,13364,shp_106_3333,13364
321,1,9662,shp_106_3330,9662
321,1,9664,shp_106_3331,9664
321,17,9668,shp_106_3332,9668
321,62,9666,shp_106_3334,9666
323,1,8580,shp_106_2339,8580
323,1,8582,shp_106_2341,8582
323,1,8584,shp_106_2342,8584
323,1,8586,shp_106_2343,8586
323,1,8588,shp_106_2345,8588
324,145,Auto3644,shp_106_2984,Auto3644
324,165,Auto3640,shp_106_2984,Auto3640
324,63,Auto3646,shp_106_2984,Auto3646
325,1,2201,shp_106_427,2201
325,1,2209,shp_106_435,2209
325,1,2211,shp_106_436,2211
325,1,2213,shp_106_433,2213
325,161,2207,shp_106_432,2207
325,23,2203,shp_106_426,2203
325,23,2205,shp_106_431,2205
326,1,9451,shp_106_2215,9451
326,1,9453,shp_106_2216,9453
326,1,9455,shp_106_2217,9455
326,1,9457,shp_106_2219,9457
326,1,9459,shp_106_2218,9459
326,1,9461,shp_106_2221,9461
326,1,9463,shp_106_2220,9463
327,64,4525,shp_106_2297,4525
328,1,3126,shp_106_2667,3126
328,65,3122,shp_106_2664,3122
329,17,6452,shp_106_2731,6452
329,17,6454,shp_106_2733,6454
329,17,6456,shp_106_2734,6456
329,17,6458,shp_106_2735,6458
33,1,10523,shp_106_3418,10523
33,1,10525,shp_106_3417,10525
33,18,10527,shp_106_3419,10527
330,1,5460,shp_106_3012,5460
330,1,5464,shp_106_3016,5464
330,1,5466,shp_106_3017,5466
330,1,5482,shp_106_3019,5482
330,17,5462,shp_106_3013,5462
330,17,5468,shp_106_3018,5468
331,1,5072,shp_106_2277,5072
331,1,5074,shp_106_2278,5074
332,1,9164,shp_106_3143,9164
332,1,9172,shp_106_3147,9172
332,23,9160,shp_106_3138,9160
332,23,9162,shp_106_3142,9162
332,23,9166,shp_106_3145,9166
332,70,9170,shp_106_3146,9170
333,1,9012,shp_106_2501,9012
333,1,9014,shp_106_2502,9014
333,1,9016,shp_106_2503,9016
333,1,9388,shp_106_2514,9388
333,18,9386,shp_106_2511,9386
334,1,1599,shp_103_2104,1599
335,1,1832,shp_103_2381,1832
336,17,6451,shp_106_3228,6451
336,17,6453,shp_106_3227,6453
336,17,6455,shp_106_3230,6455
336,17,6457,shp_106_3234,6457
337,1,4103,shp_106_1639,4103
337,1,4105,shp_106_1229,4105
337,1,4107,shp_106_1137,4107
339,1,2303,shp_106_3450,2303
339,77,2301,shp_106_3448,2301
34,1,10520,shp_106_2306,10520
34,1,10522,shp_106_2308,10522
34,1,10524,shp_106_2309,10524
34,1,14100,shp_106_2317,14100
341,1,5054,shp_106_2273,5054
341,17,5052,shp_106_2274,5052
342,66,1533,shp_103_3496,1533
344,1,5032,shp_106_3126,5032
344,1,5034,shp_106_3122,5034
345,1,536,shp_102_2447,536
347,1,5553,shp_106_2995,5553
347,1,5555,shp_106_2996,5555
347,17,5557,shp_106_2999,5557
347,23,5551,shp_106_2994,5551
35,1,10660,shp_106_2647,10660
35,1,10662,shp_106_2648,10662
35,1,10664,shp_106_2646,10664
35,1,10666,shp_106_2649,10666
35,1,10668,shp_106_2650,10668
35,1,10670,shp_106_2651,10670
35,1,10672,shp_106_2652,10672
35,1,4404,shp_106_2654,4404
35,1,4406,shp_106_2656,4406
35,1,4410,shp_106_2658,4410
35,179,4416,shp_106_2659,4416
35,18,4402,shp_106_2653,4402
35,187,4408,shp_106_2657,4408
350,17,5721,shp_106_3345,5721
350,68,5723,shp_106_3352,5723
351,1,4009,shp_106_2568,4009
351,69,4705,shp_106_2581,4705
352,1,5532,shp_106_3358,5532
352,1,5540,shp_106_3364,5540
352,17,5538,shp_106_3362,5538
352,23,5536,shp_106_3361,5536
352,31,5534,shp_106_3360,5534
353,162,4653,shp_106_3599,4653
353,18,4115,shp_106_3597,4115
353,50,4651,shp_106_3598,4651
353,55,4655,shp_106_3600,4655
354,122,1095,shp_105_2059,1095
354,71,461,shp_105_2142,461
355,1,531,shp_102_2180,531
357,49,2873,shp_106_3555,2873
358,19,Auto3630,shp_106_2346,Auto3630
36,19,Auto10677,shp_106_1654,Auto10677
36,19,Auto10679,shp_106_1654,Auto10679
36,19,Auto10681,shp_106_1654,Auto10681
36,19,Auto10683,shp_106_1654,Auto10683
360,1,5301,shp_106_2900,5301
362,1,4007,shp_106_1118,4007
363,67,1821a,shp_105_2123,1821a
364,73,4074,shp_106_2763,4074
365,44,9135,shp_106_2504,9135
366,1,562,shp_103_3001,562
366,75,1968,shp_103_2982,1968
367,1,572,shp_102_2629,572
369,1,1644,shp_105_2374,1644
369,70,1948,shp_105_2375,1948
37,1,10616,shp_106_1013,10616
37,1,10618,shp_106_1014,10618
37,1,10620,shp_106_1016,10620
37,1,10622,shp_106_1017,10622
37,1,10624,shp_106_1020,10624
37,1,10626,shp_106_1038,10626
370,1,5603,shp_106_2715,5603
370,1,5605,shp_106_2716,5605
370,117,5601,shp_106_2713,5601
371,23,9610,shp_106_2255,9610
373,1,522a,shp_102_513,522a
374,1,1824,shp_103_2592,1824
375,1,9619,shp_106_3519,9619
375,1,9623,shp_106_3520,9623
375,1,9627,shp_106_3522,9627
375,18,9615,shp_106_3515,9615
375,76,9580,shp_106_3516,9580
376,1,2620,shp_106_2788,2620
376,1,2626,shp_106_2789,2626
376,18,2622,shp_106_2791,2622
377,1,9001,shp_106_2226,9001
377,1,9005,shp_106_2224,9005
377,1,9307,shp_106_2239,9307
379,17,5722,shp_106_2314,5722
379,78,5720,shp_106_2315,5720
381,79,5711,shp_106_2313,5711
382,1,9022,shp_106_3070,9022
382,1,9024,shp_106_3044,9024
384,56,1656,shp_103_3336,1656
387,1,5554,shp_106_3442,5554
387,17,5556,shp_106_3443,5556
387,23,5550,shp_106_3440,5550
388,56,2521,shp_106_2320,2521
39,1,10684,shp_106_717,10684
39,1,10686,shp_106_715,10686
39,1,10688,shp_106_718,10688
39,1,10690,shp_106_720,10690
39,1,10692,shp_106_722,10692
39,1,4048,shp_106_735,4048
39,1,4092,shp_106_736,4092
39,22,14140,shp_106_724,14140
39,23,4044,shp_106_729,4044
39,23,4046,shp_106_730,4046
39,55,4050,shp_106_740,4050
390,1,5474,shp_106_922,5474
390,116,5472,shp_106_921,5472
392,1,5533,shp_106_2992,5533
392,17,5535,shp_106_2993,5535
392,23,5537,shp_106_2997,5537
392,23,5539,shp_106_2998,5539
392,50,5531,shp_106_2991,5531
393,1,2502,shp_106_2602,2502
393,1,2504,shp_106_2601,2504
394,1,8444,shp_106_2545,8444
395,32,4112,shp_106_758,4112
396,1,9102,shp_106_3392,9102
396,1,9108,shp_106_3394,9108
396,1,9114,shp_106_3393,9114
397,1,4518,shp_106_3274,4518
397,1,4520,shp_106_3275,4520
397,17,4516,shp_106_3273,4516
398,18,9611,shp_106_2799,9611
399,1,2517,shp_106_2607,2517
399,17,2519,shp_106_2609,2519
399,18,2515,shp_106_2606,2515
399,25,2513,shp_106_2605,2513
4,1,11752,shp_102_3351,11752
4,1,11754,shp_102_3350,11754
400,1,4006,shp_106_731,4006
400,1,4020,shp_106_734,4020
400,1,4096,shp_106_744,4096
400,80,4026,shp_106_733,4026
401,67,8034,shp_106_2442,8034
401,72,8036,shp_106_2443,8036
402,3,1972,shp_103_2432,1972
403,81,2700,shp_106_3301,2700
404,44,4486,shp_106_2579,4486
404,82,4484,shp_106_2580,4484
406,70,1992,shp_105_3507,1992
408,1,4149,shp_106_2554,4149
408,113,4145,shp_106_2555,4145
408,18,4141,shp_106_2556,4141
409,23,2708,shp_106_2741,2708
41,1,10761,shp_106_3232,10761
41,1,10763,shp_106_3231,10763
41,1,10765,shp_106_3235,10765
41,1,10767,shp_106_3236,10767
41,1,10769,shp_106_3237,10769
411,1,5461,shp_106_677,5461
411,1,5463,shp_106_685,5463
411,1,5465,shp_106_684,5465
411,17,5467,shp_106_688,5467
412,17,9060,shp_106_3023,9060
412,44,9064,shp_106_3029,9064
418,23,2042,shp_106_3610,2042
419,59,Auto1537,shp_103_3028,Auto1537
419,59,Auto1842,shp_103_3028,Auto1842
42,1,10732,shp_106_3415,10732
42,1,4540,shp_106_3433,4540
42,1,4542,shp_106_3434,4542
42,1,4546,shp_106_3435,4546
42,1,4548,shp_106_3437,4548
42,1,4550,shp_106_3439,4550
42,17,10734,shp_106_3420,10734
42,17,4544,shp_106_3436,4544
42,44,4552,shp_106_3441,4552
420,1,3510,shp_106_3457,3510
420,1,3512,shp_106_3458,3512
420,17,3514,shp_106_3460,3514
421,1,3042,shp_106_1997,3042
422,1,687,shp_103_742,687
423,1,9193,shp_106_2330,9193
423,1,9573,shp_106_2333,9573
423,1,9575,shp_106_2338,9575
423,133,9577,shp_106_2332,9577
424,1,4147,shp_106_1131,4147
424,112,4143,shp_106_1124,4143
424,44,4151,shp_106_1146,4151
425,1,4102,shp_106_2389,4102
425,1,4104,shp_106_2390,4104
425,1,4106,shp_106_2392,4106
426,1,9101,shp_106_2200,9101
426,1,9103,shp_106_2199,9103
426,1,9107,shp_106_2201,9107
426,1,9113,shp_106_2205,9113
428,1,5703,shp_106_3349,5703
428,23,5701,shp_106_3348,5701
429,1,13503,shp_106_1960,13503
429,1,4501,shp_106_2005,4501
429,17,4509,shp_106_2008,4509
43,20,10502,shp_106_419,10502
43,20,10504,shp_106_424,10504
432,144,9511,shp_106_2519,9511
432,84,9505,shp_106_2518,9505
434,1,3041,shp_106_3111,3041
434,1,3041A,shp_106_3112,3041A
435,164,5621,shp_106_3340,5621
435,85,5623,shp_106_3341,5623
435,91,5625,shp_106_3343,5625
435,91,5627,shp_106_3342,5627
435,91,5629,shp_106_3344,5629
438,1,3501,shp_106_1996,3501
438,1,3503,shp_106_1999,3503
438,17,3533,shp_106_2002,3533
438,18,3535,shp_106_2003,3535
438,25,3537,shp_106_2004,3537
439,1,5209,shp_106_2898,5209
44,1,10517,shp_106_3238,10517
44,1,10519,shp_106_3239,10519
44,1,14151,shp_106_3242,14151
440,18,2065,shp_106_3030,2065
442,1,371,shp_103_2783,371
442,1,375,shp_103_2785,375
442,1,379,shp_103_2784,379
443,1,5011,shp_106_2144,5011
443,1,5015,shp_106_2149,5015
443,1,5017,shp_106_2147,5017
443,1,5019,shp_106_2151,5019
443,17,5013,shp_106_2145,5013
444,1,6441,shp_106_2728,6441
444,1,6443,shp_106_2729,6443
444,1,6445,shp_106_2730,6445
444,86,6447,shp_106_2732,6447
445,1,4531,shp_106_3426,4531
445,1,4535,shp_106_3431,4535
445,1,4537,shp_106_3432,4537
445,17,4533,shp_106_3430,4533
446,1,5415,shp_106_2709,5415
446,1,5419,shp_106_2711,5419
446,1,5423,shp_106_2712,5423
446,149,5451,shp_106_2714,5451
447,1,5431,shp_106_512,5431
447,1,5435,shp_106_575,5435
447,21,5433,shp_106_721,5433
449,1,8004,shp_106_2600,8004
449,107,8002,shp_106_2596,8002
449,129,8008,shp_106_2598,8008
45,1,10685,shp_106_2749,10685
45,1,10687,shp_106_2750,10687
45,1,10689,shp_106_2752,10689
45,1,10691,shp_106_2753,10691
45,1,10693,shp_106_2754,10693
45,1,4043,shp_106_2758,4043
45,1,4047,shp_106_2760,4047
45,22,14141,shp_106_2756,14141
45,23,4041,shp_106_2757,4041
45,23,4045,shp_106_2759,4045
45,55,4049,shp_106_2761,4049
45,88,13401,shp_106_2755,13401
453,1,1663,shp_103_2118,1663
453,56,1661,shp_103_2115,1661
453,56,1665,shp_103_2117,1665
455,104,8378,shp_106_2818,8378
455,104,8814,shp_106_2836,8814
455,171,8386,shp_106_2823,8386
455,180,8382,shp_106_2820,8382
455,3,8370,shp_106_2815,8370
455,3,8804,shp_106_2831,8804
455,3,8808,shp_106_2833,8808
455,3,8810,shp_106_2834,8810
455,3,8816,shp_106_2837,8816
455,3,8820,shp_106_2839,8820
455,3,8822,shp_106_2840,8822
455,67,8384,shp_106_2822,8384
455,67,8390,shp_106_2824,8390
455,67,8392,shp_106_2825,8392
455,67,8396,shp_106_2826,8396
455,67,8398,shp_106_2827,8398
455,72,8800,shp_106_2828,8800
455,72,8802,shp_106_2829,8802
455,72,8806,shp_106_2832,8806
455,72,8812,shp_106_2835,8812
455,72,8818,shp_106_2838,8818
455,72,8824,shp_106_2841,8824
455,96,8376,shp_106_2817,8376
455,96,8380,shp_106_2819,8380
456,1,7913,shp_106_2171,7913
456,1,7935,shp_106_2185,7935
456,1,7939,shp_106_2184,7939
457,1,9002,shp_106_3156,9002
457,1,9004,shp_106_3167,9004
457,1,9006,shp_106_3172,9006
457,1,9302,shp_106_3170,9302
457,55,9304,shp_106_3178,9304
459,1,4530,shp_106_3173,4530
459,1,4532,shp_106_3179,4532
459,1,4534,shp_106_3181,4534
459,1,4536,shp_106_3180,4536
460,17,9504,shp_106_2587,9504
461,1,4505,shp_106_2006,4505
461,31,4517,shp_106_2013,4517
461,31,4519,shp_106_2012,4519
462,1,5570,shp_106_3363,5570
462,1,5574,shp_106_3365,5574
462,1,5578,shp_106_3367,5578
462,1,5581,shp_106_3366,5581
463,1,9163,shp_106_2322,9163
463,1,9169,shp_106_2325,9169
463,1,9171,shp_106_2326,9171
463,125,9165,shp_106_2321,9165
463,23,9161,shp_106_2319,9161
463,23,9167,shp_106_2323,9167
466,56,1657,shp_103_2112,1657
467,1,1580,shp_103_2408,1580
467,1,1582,shp_103_2407,1582
467,1,1588,shp_103_2414,1588
467,1,1682,shp_103_2416,1682
467,1,1882,shp_103_2419,1882
467,104,1886,shp_103_2424,1886
467,3,1982,shp_103_2435,1982
467,3,1984,shp_103_2436,1984
467,67,1684,shp_103_2417,1684
467,67,1884,shp_103_2420,1884
467,74,1584,shp_103_2410,1584
467,96,1586,shp_103_2413,1586
468,1,2064,shp_106_3251,2064
470,1,1061,shp_106_3560,1061
471,1,3086,shp_106_2386,3086
474,1,4452,shp_106_2769,4452
474,160,4454,shp_106_2770,4454
474,90,4076,shp_106_2762,4076
475,1,8654,shp_106_3552,8654
475,3,8658,shp_106_3556,8658
476,1,370,shp_103_444,370
476,1,374,shp_103_458,374
476,1,376,shp_103_467,376
477,1,2183,shp_106_2843,2183
477,21,2187,shp_106_2844,2187
477,23,2181,shp_106_2842,2181
479,1,74a,shp_103_2401,74a
48,1,10661,shp_106_3192,10661
48,1,10663,shp_106_3193,10663
48,1,10665,shp_106_3200,10665
48,1,10667,shp_106_3199,10667
48,1,10669,shp_106_3204,10669
48,1,10671,shp_106_3203,10671
48,1,4403,shp_106_3212,4403
48,1,4405,shp_106_3216,4405
48,1,4409,shp_106_3218,4409
48,126,4407,shp_106_3217,4407
48,147,4415,shp_106_3222,4415
48,44,4413,shp_106_3219,4413
480,44,2411,shp_106_3455,2411
480,44,2413,shp_106_3456,2413
482,1,5219,shp_106_2871,5219
483,19,Auto3072,shp_106_3058,Auto3072
483,19,Auto3074,shp_106_3058,Auto3074
483,19,Auto3076,shp_106_3058,Auto3076
483,59,Auto3008,shp_106_3040,Auto3008
485,1,7566,shp_106_2625,7566
485,1,7572,shp_106_2626,7572
485,1,7576,shp_106_2628,7576
485,114,7574,shp_106_2627,7574
485,91,7570,shp_106_2624,7570
487,23,9557,shp_106_2287,9557
488,1,4507,shp_106_2864,4507
488,1,4511,shp_106_2865,4511
488,17,4503,shp_106_2863,4503
489,3,1970,shp_103_2621,1970
490,1,1662,shp_103_2702,1662
490,1,1668,shp_103_2704,1668
490,56,1660,shp_103_2698,1660
490,93,1664,shp_103_2707,1664
491,154,3534,shp_106_3169,3534
491,17,3532,shp_106_3168,3532
492,1,1591,shp_103_2099,1591
492,96,1593,shp_103_2102,1593
493,1,6822,shp_106_2919,6822
495,1,2603,shp_106_3500,2603
495,1,2611,shp_106_3501,2611
495,1,2613,shp_106_3505,2613
495,121,2601,shp_106_3495,2601
495,44,2605,shp_106_3499,2605
495,65,2029,shp_106_3492,2029
497,1,2101,shp_106_1980,2101
497,1,2103,shp_106_1984,2103
497,8,2105,shp_106_1983,2105
498,1,9907,shp_106_2222,9907
498,1,9911,shp_106_2223,9911
5,1,11761,shp_102_2095,11761
5,1,11763,shp_102_2101,11763
500,185,Auto3620,shp_106_2682,Auto3620
500,186,Auto3634,shp_106_2682,Auto3634
500,95,Auto3622,shp_106_2682,Auto3622
500,95,Auto3624,shp_106_2682,Auto3624
500,95,Auto3628,shp_106_2682,Auto3628
501,1,5732,shp_106_2301,5732
501,1,5734,shp_106_2302,5734
501,146,5730,shp_106_2299,5730
503,1,9104,shp_106_3411,9104
503,1,9112,shp_106_3413,9112
503,96,9106,shp_106_3412,9106
504,1,9137,shp_106_2505,9137
504,44,9139,shp_106_2506,9139
505,1,9028,shp_106_3047,9028
505,1,9200,shp_106_3045,9200
505,1,9204,shp_106_3048,9204
505,1,9208,shp_106_3050,9208
505,1,9210,shp_106_3051,9210
505,1,9212,shp_106_3049,9212
505,1,9214,shp_106_3052,9214
505,1,9254,shp_106_3053,9254
505,1,9258,shp_106_3055,9258
505,18,9202,shp_106_3046,9202
505,44,9256,shp_106_3054,9256
506,18,4704,shp_106_3182,4704
507,164,5620,shp_106_3117,5620
507,91,5624,shp_106_3121,5624
507,91,5626,shp_106_3123,5626
507,91,5628,shp_106_3124,5628
507,97,5622,shp_106_3118,5622
509,1,3080,shp_106_2378,3080
509,1,3082,shp_106_2382,3082
509,1,3088,shp_106_2385,3088
509,17,3084,shp_106_2383,3084
510,3,8662,shp_106_3554,8662
510,96,8650,shp_106_3549,8650
512,1,9021,shp_106_2196,9021
512,1,9201,shp_106_2202,9201
512,1,9205,shp_106_2203,9205
512,1,9207,shp_106_2204,9207
512,1,9209,shp_106_2208,9209
512,1,9213,shp_106_2206,9213
512,1,9215,shp_106_2209,9215
512,1,9217,shp_106_2213,9217
512,1,9253,shp_106_2214,9253
512,1,9257,shp_106_2211,9257
512,44,9211,shp_106_2207,9211
512,44,9251,shp_106_2210,9251
513,98,5712,shp_106_2743,5712
514,3,1914,shp_103_2425,1914
515,44,2088,shp_106_3009,2088
515,99,2222,shp_106_3008,2222
517,1,2202,shp_106_2534,2202
517,1,2204,shp_106_2533,2204
517,1,2212,shp_106_2539,2212
517,1,2214,shp_106_2547,2214
517,163,2210,shp_106_2553,2210
517,23,2206,shp_106_2535,2206
517,23,2208,shp_106_2538,2208
518,1,5103,shp_106_2282,5103
518,1,5107,shp_106_2279,5107
518,1,5109,shp_106_2283,5109
518,31,5105,shp_106_2280,5105
519,100,5612,shp_106_2316,5612
52,1,10509,shp_106_1041,10509
52,1,10633,shp_106_1121,10633
52,1,10635,shp_106_1134,10635
52,1,10637,shp_106_1122,10637
52,21,10511,shp_106_1093,10511
52,23,10507,shp_106_1094,10507
520,1,6316,shp_106_2722,6316
520,142,6312,shp_106_2720,6312
520,18,6314,shp_106_2719,6314
521,1,4506,shp_106_2563,4506
522,44,2076,shp_106_3128,2076
523,1,5012,shp_106_2272,5012
523,44,5016,shp_106_2275,5016
524,1,5071,shp_106_1677,5071
524,1,5073,shp_106_1660,5073
525,1,5572,shp_106_1558,5572
527,1,1837,shp_103_2701,1837
528,1,1062,shp_106_2673,1062
529,1,8010,shp_106_2448,8010
53,1,10604,shp_106_3202,10604
53,1,10608,shp_106_3201,10608
53,1,14120,shp_106_3213,14120
53,1,4336,shp_106_3220,4336
530,1,9365,shp_106_3162,9365
530,1,9369,shp_106_3165,9369
530,1,9373,shp_106_3166,9373
530,17,9359,shp_106_3159,9359
530,17,9361,shp_106_3164,9361
530,17,9363,shp_106_3161,9363
530,17,9367,shp_106_3163,9367
530,22,13265,shp_106_3152,13265
531,23,2707,shp_106_3303,2707
532,1,686,shp_103_2918,686
534,101,1530,shp_103_750,1530
535,18,9608,shp_106_2257,9608
535,184,9612,shp_106_2256,9612
537,1,16001,shp_103_2105,16001
537,1,16003,shp_103_2103,16003
538,1,5481,shp_106_713,5481
538,102,5471,shp_106_689,5471
539,1,9340,shp_106_2633,9340
539,1,9342,shp_106_2635,9342
539,1,9346,shp_106_2634,9346
539,17,9352,shp_106_2636,9352
54,1,10731,shp_106_3546,10731
54,1,10735,shp_106_3547,10735
54,31,10739,shp_106_3548,10739
540,1,1667,shp_105_2119,1667
541,64,4528,shp_106_2744,4528
543,17,4522,shp_106_2631,4522
544,1,3543,shp_106_2927,3543
544,1,3547,shp_106_2929,3547
544,1,3549,shp_106_2931,3549
545,103,Auto3635,shp_106_2437,Auto3635
545,123,Auto3621,shp_106_2437,Auto3621
545,134,Auto3623,shp_106_2437,Auto3623
545,134,Auto3627,shp_106_2437,Auto3627
55,1,10673,shp_106_3205,10673
55,1,10675,shp_106_3206,10675
55,1,4313,shp_106_3208,4313
55,44,4323,shp_106_3211,4323
55,50,4311,shp_106_3207,4311
550,1,552,shp_102_3353,552
551,104,8373,shp_106_2453,8373
551,104,8379,shp_106_2456,8379
551,104,8829,shp_106_2478,8829
551,172,8399,shp_106_2464,8399
551,3,8377,shp_106_2455,8377
551,3,8803,shp_106_2466,8803
551,3,8807,shp_106_2467,8807
551,3,8809,shp_106_2469,8809
551,3,8815,shp_106_2472,8815
551,3,8817,shp_106_2473,8817
551,3,8819,shp_106_2476,8819
551,67,8381,shp_106_2457,8381
551,67,8383,shp_106_2458,8383
551,67,8385,shp_106_2459,8385
551,67,8389,shp_106_2460,8389
551,67,8393,shp_106_2461,8393
551,67,8395,shp_106_2462,8395
551,72,8801,shp_106_2465,8801
551,72,8805,shp_106_2468,8805
551,72,8813,shp_106_2470,8813
551,72,8821,shp_106_2475,8821
551,72,8823,shp_106_2477,8823
551,72,8827,shp_106_2479,8827
551,96,8397,shp_106_2463,8397
553,1,3124,shp_106_1678,3124
553,105,3128,shp_106_1733,3128
554,130,2077,shp_106_3021,2077
554,132,2079,shp_106_3027,2079
554,44,2075,shp_106_3020,2075
555,44,2415,shp_106_3255,2415
555,44,2417,shp_106_3257,2417
557,1,9419,shp_106_2235,9419
557,1,9421,shp_106_2236,9421
557,1,9423,shp_106_2241,9423
557,1,9425,shp_106_2240,9425
557,1,9427,shp_106_2244,9427
557,1,9429,shp_106_2243,9429
557,35,9417,shp_106_2237,9417
56,1,10528,shp_106_2364,10528
562,1,9663,shp_106_3523,9663
562,1,9669,shp_106_3531,9669
562,17,9667,shp_106_3527,9667
562,174,9665,shp_106_3528,9665
563,1,9180,shp_106_3389,9180
563,1,9186,shp_106_3390,9186
563,1,9432,shp_106_3399,9432
563,1,9436,shp_106_3395,9436
567,1,8123,shp_106_2194,8123
567,107,8121,shp_106_2193,8121
569,1,2624,shp_106_3000,2624
57,16,10677,shp_106_402,10677
57,16,10683,shp_106_406,10683
57,24,10681,shp_106_405,10681
57,28,10679,shp_106_404,10679
570,1,7361,shp_106_2284,7361
570,1,7363,shp_106_2288,7363
570,1,7365,shp_106_2286,7365
570,1,7367,shp_106_2289,7367
571,108,2594,shp_106_2480,2594
573,1,2374a,shp_106_434,2374a
574,1,1745,shp_103_3428,1745
575,106,5562,shp_106_3338,5562
575,119,5560,shp_106_3337,5560
576,1,532,shp_102_2412,532
577,17,9501,shp_106_2603,9501
578,1,4334,shp_106_2661,4334
578,23,4338,shp_106_2660,4338
579,1,3003,shp_106_2135,3003
579,1,3003A,shp_106_2134,3003A
579,1,3021,shp_106_2136,3021
579,1,3021A,shp_106_2137,3021A
579,1,3025,shp_106_2140,3025
579,1,3027,shp_106_2139,3027
579,1,3027A,shp_106_2138,3027A
579,1,3031,shp_106_2141,3031
580,1,8592,shp_106_2540,8592
580,1,8594,shp_106_2541,8594
580,1,8596,shp_106_2542,8596
581,1,5412,shp_106_2988,5412
582,1,9700,shp_106_2637,9700
582,1,9702,shp_106_2638,9702
582,1,9704,shp_106_2641,9704
582,1,9706,shp_106_2640,9706
582,1,9708,shp_106_2639,9708
582,1,9710,shp_106_2642,9710
582,1,9712,shp_106_2643,9712
583,109,1922,shp_105_2981,1922
584,17,7402,shp_106_2608,7402
586,110,4061,shp_106_2969,4061
587,1,3127,shp_106_464,3127
587,105,3123,shp_106_443,3123
588,1,538,shp_102_2035,538
589,44,9066,shp_106_2482,9066
59,1,10521,shp_106_3421,10521
59,25,10529,shp_106_3438,10529
591,1,5102,shp_106_2884,5102
591,1,5106,shp_106_2887,5106
591,1,5108,shp_106_2888,5108
591,1,5110,shp_106_2892,5110
591,17,5112,shp_106_2893,5112
592,1,2044a,shp_106_423,2044a
592,1,2046a,shp_106_428,2046a
592,1,2048a,shp_106_430,2048a
592,1,2372a,shp_106_437,2372a
592,23,2030,shp_106_420,2030
592,23,2030a,shp_106_425,2030a
593,1,5404,shp_106_2989,5404
593,1,5406,shp_106_2986,5406
593,112,5402,shp_106_2983,5402
594,1,37647,shp_106_3175,37647
594,1,37651,shp_106_3176,37651
595,67,8031,shp_106_2597,8031
595,72,8033,shp_106_2599,8033
596,1,5417,shp_106_687,5417
596,1,5421,shp_106_582,5421
597,1,3085,shp_106_2861,3085
598,1,2036,shp_106_3297,2036
599,1,3029,shp_106_2229,3029
599,56,3023,shp_106_2228,3023
6,3,11784,shp_102_2830,11784
60,1,10580,shp_106_2358,10580
60,1,10582,shp_106_2357,10582
60,1,10584,shp_106_2359,10584
60,1,4302,shp_106_2395,4302
600,1,2501,shp_106_1982,2501
600,1,2503,shp_106_1985,2503
601,157,6502,shp_106_2737,6502
601,176,6506,shp_106_2742,6506
601,23,6504,shp_106_2739,6504
602,67,8344,shp_106_2451,8344
602,72,8346,shp_106_2454,8346
603,1,2021,shp_106_2489,2021
603,1,2095,shp_106_2497,2095
603,1,2857,shp_106_2499,2857
603,1,9927,shp_106_2522,9927
603,18,2851,shp_106_2498,2851
603,83,2853,shp_106_2500,2853
603,94,2091,shp_106_2496,2091
604,1,12767,shp_105_3513,12767
605,1,2038,shp_106_2376,2038
606,1,9694,shp_106_403,9694
607,1,4363,shp_106_2329,4363
608,1,2383,shp_106_3300,2383
61,1,10506,shp_106_2355,10506
61,1,10508,shp_106_2356,10508
61,1,10632,shp_106_2361,10632
61,1,10634,shp_106_2362,10634
61,1,10636,shp_106_2365,10636
61,1,14122,shp_106_2372,14122
610,1,2621,shp_106_3502,2621
611,1,8443,shp_106_2337,8443
611,1,8591,shp_106_2347,8591
611,1,8593,shp_106_2348,8593
611,1,8595,shp_106_2350,8595
615,1,8153,shp_106_3572,8153
617,1,12763,shp_105_2703,12763
618,17,2564,shp_106_926,2564
62,16,10678,shp_106_2950,10678
62,16,10680,shp_106_2951,10680
62,16,10682,shp_106_2953,10682
620,1,75a,shp_103_2795,75a
621,1,9003,shp_106_2198,9003
621,1,9301,shp_106_2212,9301
622,1,1749,shp_103_2552,1749
623,1,5021,shp_106_2148,5021
623,1,5035,shp_106_2152,5035
623,1,5037,shp_106_2153,5037
623,114,5031,shp_106_2150,5031
623,17,5007,shp_106_2143,5007
624,1,5304,shp_106_2400,5304
625,23,2381,shp_106_3298,2381
626,56,1859,shp_103_469,1859
627,1,9533,shp_106_3067,9533
627,44,9531,shp_106_3065,9531
627,44,9535,shp_106_3069,9535
628,23,9192,shp_106_3508,9192
631,17,5212,shp_106_2632,5212
632,115,Auto3643,shp_106_2690,Auto3643
633,1,4064,shp_106_2765,4064
634,1,77,shp_103_2019,77
635,1,8007,shp_106_2234,8007
635,107,8003,shp_106_2232,8003
635,124,8009,shp_106_2238,8009
636,1,7916,shp_106_288,7916
636,1,7942,shp_106_382,7942
638,1,9011,shp_106_3157,9011
638,1,9013,shp_106_3160,9013
638,1,9015,shp_106_3158,9015
638,1,9381,shp_106_3185,9381
638,17,9385,shp_106_3174,9385
639,1,9132,shp_106_2305,9132
639,18,9134,shp_106_2307,9134
64,26,Auto10567,shp_106_2411,Auto10567
640,70,4014,shp_106_3425,4014
641,1,5583,shp_106_3590,5583
643,177,1943,shp_105_3247,1943
643,70,1941,shp_105_3248,1941
644,1,9264,shp_106_2507,9264
644,1,9268,shp_106_2509,9268
644,1,9270,shp_106_2510,9270
644,44,9266,shp_106_2508,9266
646,1,1572,shp_103_2612,1572
646,1,1574,shp_103_2615,1574
646,1,1576,shp_103_2613,1576
647,1,5604,shp_106_3371,5604
647,1,5608,shp_106_3373,5608
647,1,5610,shp_106_3377,5610
647,117,5606,shp_106_3372,5606
647,158,5602,shp_106_3374,5602
649,1,8122,shp_106_3317,8122
649,138,8124,shp_106_3316,8124
65,1,10641,shp_106_2310,10641
65,1,10643,shp_106_2312,10643
65,1,10645,shp_106_2311,10645
650,1,2081,shp_106_2493,2081
650,1,2089,shp_106_2494,2089
650,44,2085,shp_106_2492,2085
650,60,2083,shp_106_2490,2083
651,1,2512,shp_106_3260,2512
651,1,2514,shp_106_3261,2514
651,1,2516,shp_106_3262,2516
653,18,2445,shp_106_3454,2445
655,1,2300,shp_106_3294,2300
655,77,2302,shp_106_3299,2302
656,1,9613,shp_106_2803,9613
656,1,9621,shp_106_2805,9621
656,1,9625,shp_106_2809,9625
656,135,9571,shp_106_2802,9571
656,23,9617,shp_106_2804,9617
657,17,4524,shp_106_2868,4524
66,1,10602,shp_106_3574,10602
66,1,10606,shp_106_3576,10606
66,1,10610,shp_106_3577,10610
66,23,4340,shp_106_3581,4340
664,1,16002,shp_103_1973,16002
664,1,16004,shp_103_1972,16004
664,1,1634,shp_103_1978,1634
664,17,1628,shp_103_1976,1628
664,74,1630,shp_103_1974,1630
665,99,2221,shp_106_3400,2221
666,17,4523,shp_106_2867,4523
669,1,2855,shp_106_2604,2855
670,3,8342,shp_106_2548,8342
670,96,8340,shp_106_2557,8340
671,1,1730,shp_103_1986,1730
671,1,1730A,shp_103_1988,1730A
673,107,8005,shp_106_2242,8005
675,32,Auto3629,shp_106_2439,Auto3629
676,1,2560,shp_106_2851,2560
676,1,2566,shp_106_2853,2566
676,1,2570,shp_106_2854,2570
677,96,1594,shp_103_2485,1594
678,1,3541,shp_106_2925,3541
678,1,3545,shp_106_2926,3545
679,109,1952,shp_105_3368,1952
68,1,10576,shp_106_2747,10576
68,1,10578,shp_106_2748,10578
680,120,5443,shp_106_683,5443
681,1,9480,shp_106_2517,9480
681,44,9488,shp_106_2516,9488
682,1,2061,shp_106_3129,2061
682,1,2067,shp_106_3130,2067
684,3,1960,shp_105_2433,1960
685,1,9572,shp_106_3514,9572
685,1,9576,shp_106_3517,9576
685,1,9578,shp_106_3518,9578
685,94,9194,shp_106_3510,9194
686,122,1094,shp_103_3171,1094
686,71,460,shp_103_3177,460
688,44,5003,shp_106_2146,5003
69,1,10533,shp_106_2807,10533
690,1,13012,shp_106_3241,13012
690,1,2014,shp_106_3245,2014
690,44,2012,shp_106_3244,2012
692,1,2010,shp_106_3240,2010
693,17,4515,shp_106_2010,4515
694,125,4013,shp_106_2551,4013
695,3,1994,shp_103_2495,1994
696,1,3511,shp_106_2855,3511
696,1,3515,shp_106_2858,3515
696,17,3513,shp_106_2857,3513
697,23,5414,shp_106_480,5414
698,127,1642,shp_105_3243,1642
699,1,4512,shp_106_2562,4512
699,17,4510,shp_106_2560,4510
700,128,Auto3647,shp_106_1657,Auto3647
700,151,Auto3641,shp_106_1657,Auto3641
700,183,Auto3645,shp_106_1657,Auto3645
701,1,9900,shp_106_2537,9900
701,1,9902,shp_106_2532,9902
701,1,9910,shp_106_2527,9910
701,1,9918,shp_106_2528,9918
703,1,5201,shp_106_2894,5201
703,1,5203,shp_106_2897,5203
703,1,5207,shp_106_2899,5207
704,1,3004,shp_106_1990,3004
704,1,3022,shp_106_1992,3022
704,1,3024,shp_106_1991,3024
704,1,3026,shp_106_1993,3026
704,1,3028,shp_106_1995,3028
704,1,3030,shp_106_2000,3030
704,56,3032,shp_106_1998,3032
704,96,3002,shp_106_1989,3002
705,112,5403,shp_106_2902,5403
707,18,9551,shp_106_2976,9551
708,1,4482,shp_106_2576,4482
709,1,4113,shp_106_803,4113
709,18,4101,shp_106_821,4101
710,1,4010,shp_106_2387,4010
710,1,4306,shp_106_2394,4306
710,1,4308,shp_106_2396,4308
712,47,2591,shp_106_3267,2591
713,1,367,shp_103_2928,367
714,131,5710,shp_106_3587,5710
716,78,1532,shp_103_3233,1532
717,1,4110,shp_106_2393,4110
718,1,2850,shp_106_3405,2850
72,1,10535,shp_106_2808,10535
720,1,4451,shp_106_3604,4451
720,1,4455,shp_106_3605,4455
720,181,4457,shp_106_3606,4457
720,89,4365,shp_106_3603,4365
720,90,4071,shp_106_3602,4071
721,1,2568,shp_106_3288,2568
721,18,2562,shp_106_3285,2562
721,31,2572,shp_106_3289,2572
722,1,9259,shp_106_3057,9259
722,1,9263,shp_106_3060,9263
722,1,9267,shp_106_3059,9267
722,18,9483,shp_106_3068,9483
722,44,9261,shp_106_3056,9261
723,56,1833,shp_103_2721,1833
724,1,2031a,shp_106_3293,2031a
724,1,2043a,shp_106_3296,2043a
724,1,2045a,shp_106_3295,2045a
724,1,2705,shp_106_3304,2705
724,1,2705a,shp_106_3305,2705a
724,23,2027a,shp_106_3292,2027a
725,18,4114,shp_106_2397,4114
726,1,5568,shp_106_1619,5568
726,1,5576,shp_106_1653,5576
726,1,5584,shp_106_1646,5584
726,106,5564,shp_106_1637,5564
726,119,5566,shp_106_1559,5566
727,1,5552,shp_106_3449,5552
728,1,6311,shp_106_3451,6311
728,142,6313,shp_106_3452,6313
728,18,6315,shp_106_3453,6315
729,1,366,shp_103_2007,366
73,14,Auto10564,shp_106_3335,Auto10564
730,1,1823,shp_103_2124,1823
731,1,3083,shp_106_3463,3083
731,1,3089,shp_106_3461,3089
731,17,3087,shp_106_3459,3087
731,17,3091,shp_106_3462,3091
734,143,4654,shp_106_3284,4654
734,50,4650,shp_106_3282,4650
734,55,4652,shp_106_3283,4652
737,1,8152,shp_106_3309,8152
737,1,8154,shp_106_3312,8154
738,1,3542,shp_106_3287,3542
738,1,3546,shp_106_3290,3546
738,1,3550,shp_106_3291,3550
741,1,4502,shp_106_3276,4502
741,1,4514,shp_106_3277,4514
741,1,4526,shp_106_3280,4526
742,50,4332,shp_106_3221,4332
743,56,1646,shp_103_3429,1646
744,1,1589,shp_103_2100,1589
744,1,1681,shp_103_2116,1681
744,1,1881,shp_103_2130,1881
744,1,1883,shp_103_2126,1883
744,1,1885,shp_103_2128,1885
744,1,1887,shp_103_2129,1887
744,104,1889,shp_103_2133,1889
744,3,1981,shp_103_2131,1981
744,3,1983,shp_103_2132,1983
744,67,1581,shp_103_2089,1581
744,74,1585,shp_103_2097,1585
744,96,1583,shp_103_2094,1583
744,96,1587,shp_103_2098,1587
745,17,9062,shp_106_2481,9062
746,135,9493,shp_106_3308,9493
746,141,13293,shp_106_3307,13293
747,1,582,shp_102_2441,582
749,1,8653,shp_106_2846,8653
75,1,10603,shp_106_2949,10603
75,1,10607,shp_106_2947,10607
75,23,4339,shp_106_2973,4339
750,1,5101,shp_106_2281,5101
750,17,5115,shp_106_2285,5115
751,1,9473,shp_106_3066,9473
751,1,9477,shp_106_3063,9477
751,17,9479,shp_106_3064,9479
751,56,9471,shp_106_3061,9471
751,56,9475,shp_106_3062,9475
752,1,1654,shp_105_3630,1654
753,1,7033,shp_106_2159,7033
753,1,7037,shp_106_2163,7037
753,114,7031,shp_106_2157,7031
753,136,7035,shp_106_2158,7035
753,17,7039,shp_106_2160,7039
754,1,377,shp_103_2786,377
755,1,407,shp_105_2930,407
757,1,2441,shp_106_3446,2441
758,1,8652,shp_106_2471,8652
758,3,8660,shp_106_2474,8660
759,1,1743,shp_105_421,1743
76,1,10674,shp_106_694,10674
76,1,10676,shp_106_709,10676
76,1,4316,shp_106_738,4316
76,44,4324,shp_106_741,4324
76,50,4314,shp_106_737,4314
761,23,4441,shp_106_2334,4441
762,1,7032,shp_106_3583,7032
762,1,7036,shp_106_3575,7036
762,136,7038,shp_106_3584,7038
762,17,7030,shp_106_3585,7030
763,139,3747,shp_106_466,3747
764,1,347a,shp_105_2800,347a
764,1,473a,shp_105_2806,473a
764,1,79,shp_105_2801,79
765,17,9402,shp_106_3032,9402
766,3,1930,shp_103_1994,1930
767,1,378,shp_103_3511,378
769,1,8201,shp_106_2300,8201
769,3,8205,shp_106_2298,8205
769,96,8203,shp_106_2304,8203
77,20,10501,shp_106_2340,10501
77,20,10503,shp_106_2344,10503
770,1,4485,shp_106_2740,4485
773,1,2561,shp_106_3264,2561
773,1,2565,shp_106_3266,2565
773,44,2571,shp_106_3269,2571
774,1,1734,shp_103_2380,1734
774,1,1836,shp_103_2379,1836
776,1,5582,shp_106_1555,5582
778,1,4094,shp_106_2391,4094
779,1,6401,shp_106_859,6401
779,44,6403,shp_106_1015,6403
78,30,10614,shp_106_748,10614
780,17,2074,shp_106_2787,2074
782,56,1658,shp_103_728,1658
784,1,1748,shp_103_3424,1748
785,44,2518,shp_106_3263,2518
786,1,5735,shp_106_3356,5735
786,117,5733,shp_106_3355,5733
786,146,5731,shp_106_3354,5731
787,111,5442,shp_106_2987,5442
787,120,5444,shp_106_2990,5444
788,1,4521,shp_106_2866,4521
79,1,10512,shp_106_2957,10512
79,1,10514,shp_106_2956,10514
790,56,1858,shp_103_3011,1858
791,44,5216,shp_106_2948,5216
792,1,1751,shp_103_2121,1751
792,56,1655,shp_103_2113,1655
793,17,3530,shp_106_3286,3530
794,1,6402,shp_106_2723,6402
794,44,6404,shp_106_2726,6404
795,108,2593,shp_106_3272,2593
798,1,1680,shp_103_2423,1680
798,3,1936,shp_103_2426,1936
799,1,5411,shp_106_275,5411
799,23,5413,shp_106_274,5413
8,3,11782,shp_102_3346,11782
80,1,10572,shp_106_2363,10572
80,19,Auto10659,shp_106_2421,Auto10659
80,32,Auto10653,shp_106_2421,Auto10653
800,44,9138,shp_106_2296,9138
801,148,8038,shp_106_2445,8038
803,1,5215,shp_106_2870,5215
803,1,5217,shp_106_2872,5217
804,1,2184,shp_106_2797,2184
804,1,2186,shp_106_2798,2186
805,1,1838,shp_103_2377,1838
806,47,2592,shp_106_2782,2592
808,150,3746,shp_106_3194,3746
81,19,Auto10678,shp_106_3022,Auto10678
81,19,Auto10680,shp_106_3025,Auto10680
81,19,Auto10682,shp_106_3025,Auto10682
810,18,5002,shp_106_2895,5002
811,17,4581,shp_106_2014,4581
812,1,8202,shp_106_2449,8202
812,173,8204,shp_106_2450,8204
812,175,8206,shp_106_2452,8206
814,104,1944,shp_105_2434,1944
817,1,2443,shp_106_3265,2443
818,94,5206,shp_106_2945,5206
819,1,1571,shp_103_2092,1571
819,1,1573,shp_103_2090,1573
819,1,1575,shp_103_2093,1575
82,1,10730,shp_106_3416,10730
82,1,10738,shp_106_3423,10738
82,31,10736,shp_106_3422,10736
820,1,3125,shp_106_502,3125
820,105,3129,shp_106_457,3129
822,1,9310,shp_106_3186,9310
823,1,5311,shp_106_105,5311
824,1,8093,shp_106_2191,8093
825,101,4080,shp_106_3214,4080
825,18,4083,shp_106_3215,4083
826,152,4062,shp_106_2764,4062
827,1,5202,shp_106_3281,5202
828,1,4490,shp_106_796,4490
828,153,4702,shp_106_901,4702
83,1,10573,shp_106_2952,10573
83,19,Auto10656,shp_106_3005,Auto10656
83,19,Auto10658,shp_106_3005,Auto10658
831,1,5302,shp_106_2399,5302
832,44,2447,shp_106_3427,2447
834,156,2522,shp_106_3127,2522
835,57,3114,shp_106_2965,3114
836,56,1622,shp_103_3246,1622
839,1,2080,shp_106_3004,2080
839,1,2082,shp_106_3007,2082
839,60,2084,shp_106_3010,2084
84,1,10581,shp_106_2570,10581
84,1,10583,shp_106_2569,10583
84,1,10585,shp_106_2571,10585
84,1,4303,shp_106_2572,4303
84,1,4305,shp_106_2573,4305
84,87,4301,shp_106_2574,4301
841,1,1864,shp_103_2706,1864
842,1,1753,shp_103_2125,1753
844,1,1754,shp_103_3347,1754
846,1,2102,shp_106_3254,2102
846,1,2104,shp_106_3256,2104
846,8,2100,shp_106_3253,2100
848,1,2011,shp_106_2324,2011
851,18,4082,shp_106_2766,4082
851,99,4084,shp_106_2768,4084
853,1,521a,shp_102_3466,521a
855,1,2063,shp_106_3026,2063
857,1,9392,shp_106_2515,9392
858,1,8581,shp_106_3311,8581
858,1,8583,shp_106_3313,8583
858,1,8585,shp_106_3314,8585
858,1,8587,shp_106_3315,8587
859,1,3544,shp_106_2520,3544
859,1,3548,shp_106_2521,3548
861,1,1653,shp_105_2114,1653
862,1,8091,shp_106_2233,8091
865,18,2511,shp_106_3559,2511
866,1,1830,shp_103_2617,1830
868,1,4504,shp_106_3553,4504
870,1,9534,shp_106_2530,9534
870,18,9530,shp_106_2526,9530
870,44,9532,shp_106_2529,9532
871,1,561,shp_103_2718,561
871,75,1969,shp_103_2708,1969
873,1,9695,shp_106_2975,9695
875,17,5205,shp_106_2896,5205
876,1,1752,shp_103_3369,1752
879,1,581,shp_102_2161,581
88,1,10513,shp_106_3470,10513
88,1,10515,shp_106_3469,10515
88,1,14123,shp_106_3493,14123
881,96,1862,shp_103_2418,1862
884,1,346a,shp_105_2155,346a
884,1,472a,shp_105_2156,472a
884,1,78,shp_105_2195,78
885,1,2602,shp_106_438,2602
885,1,2604,shp_106_439,2604
885,1,2608,shp_106_442,2608
885,44,2610,shp_106_471,2610
885,65,2028,shp_106_429,2028
885,92,2606,shp_106_441,2606
886,1,571,shp_102_2165,571
887,1,9034,shp_106_3024,9034
887,1,9476,shp_106_3034,9476
887,17,9478,shp_106_3035,9478
887,56,9472,shp_106_3031,9472
887,56,9484,shp_106_3038,9484
888,1,76,shp_103_3310,76
889,166,4703,shp_106_2746,4703
89,1,10534,shp_106_752,10534
890,167,3745,shp_106_468,3745
891,1,2623,shp_106_3503,2623
891,1,2625,shp_106_3504,2625
891,44,2627,shp_106_3506,2627
892,1,1744,shp_105_2958,1744
894,23,2706,shp_106_3115,2706
896,1,1732,shp_103_2614,1732
897,168,2185,shp_106_3339,2185
899,192,4116,shp_106_3279,4116
899,44,4118,shp_106_3278,4118
9,1,11751,shp_102_2091,11751
9,1,11753,shp_102_2096,11753
902,1,72,shp_103_2512,72
903,170,8035,shp_106_2845,8035
904,23,2182,shp_106_2811,2182
905,3,1942,shp_105_2429,1942
906,56,1645,shp_103_2110,1645
908,100,5611,shp_106_2717,5611
911,1,1866,shp_103_2618,1866
913,1,4337,shp_106_2972,4337
913,50,4331,shp_106_2970,4331
914,1,1090,shp_106_3601,1090
916,1,2041a,shp_106_3125,2041a
917,1,9023,shp_106_2225,9023
917,1,9025,shp_106_2230,9025
919,1,7569,shp_106_2903,7569
919,1,7571,shp_106_2905,7571
919,1,7573,shp_106_2906,7573
919,17,7565,shp_106_2904,7565
92,1,10531,shp_106_1021,10531
922,1,402,shp_105_2154,402
923,1,5050,shp_106_276,5050
926,72,1954,shp_105_2430,1954
928,1,5211,shp_106_2869,5211
929,1,3500,shp_106_2856,3500
929,1,3528,shp_106_2860,3528
929,1,3536,shp_106_2862,3536
930,1,9487,shp_106_3039,9487
930,44,9481,shp_106_3036,9481
931,178,2421,shp_106_3258,2421
931,54,2423,shp_106_3259,2423
932,1,5432,shp_106_3359,5432
933,1,5401,shp_106_2901,5401
933,1,5405,shp_106_2907,5405
934,1,401,shp_105_3620,401
935,1,1543,shp_103_1971,1543
936,96,1861,shp_103_2276,1861
94,1,11361,shp_106_1954,11361
94,1,11363,shp_106_1953,11363
94,1,11365,shp_106_1956,11365
941,1,4508,shp_106_2630,4508
942,18,2066,shp_106_3116,2066
944,1,73,shp_103_2796,73
945,94,2087,shp_106_2491,2087
946,1,7360,shp_106_2619,7360
946,1,7362,shp_106_2620,7362
946,1,7364,shp_106_2622,7364
946,1,7366,shp_106_2623,7366
948,1,9111,shp_106_2231,9111
948,155,9109,shp_106_2227,9109
949,1,5051,shp_106_3110,5051
949,1,5053,shp_106_3113,5053
95,1,11442,shp_106_2252,11442
95,1,11448,shp_106_2253,11448
951,18,9120,shp_106_2977,9120
951,44,9122,shp_106_2978,9122
953,1,1643,shp_105_1981,1643
953,3,1947,shp_105_1987,1947
954,1,1539,shp_103_2962,1539
955,70,1912,shp_103_3249,1912
956,1,1590,shp_103_2591,1590
957,1,551,shp_102_2172,551
958,1,406,shp_105_2011,406
959,1,9391,shp_106_2318,9391
96,1,11447,shp_106_3149,11447
96,1,11449,shp_106_3151,11449
960,17,9474,shp_106_3033,9474
961,1,1541,shp_103_2697,1541
962,1,4453,shp_106_3383,4453
963,159,9502,shp_106_2590,9502
963,84,9508,shp_106_2593,9508
965,1,3113,shp_106_3509,3113
965,1,3117,shp_106_3521,3117
965,44,3115,shp_106_3512,3115
966,1,5104,shp_106_84,5104
967,1,1735,shp_103_2122,1735
967,1,1835,shp_103_2127,1835
97,1,11029,shp_106_2060,11029
97,1,11031,shp_106_2061,11031
97,1,11031A,shp_106_2062,11031A
97,1,11033,shp_106_2065,11033
97,1,11033A,shp_106_2063,11033A
97,1,11035,shp_106_2064,11035
97,1,11035A,shp_106_2066,11035A
97,1,11037,shp_106_2068,11037
97,1,11039,shp_106_2067,11039
970,140,4483,shp_106_2736,4483
970,18,4701,shp_106_2738,4701
973,1,2016,shp_106_2487,2016
973,44,2018,shp_106_2488,2018
974,1,5005,shp_106_3107,5005
974,17,5006,shp_106_3106,5006
974,17,5030,shp_106_3108,5030
975,1,4063,shp_106_3370,4063
976,1,5702,shp_106_2751,5702
976,23,5704,shp_106_2745,5704
977,182,2702,shp_106_3302,2702
977,188,2710,shp_106_3306,2710
979,70,1962,shp_105_2710,1962
98,1,11330,shp_106_3612,11330
98,1,11332,shp_106_3615,11332
98,1,11334,shp_106_3613,11334
98,1,11336,shp_106_3614,11336
98,1,11338,shp_106_3618,11338
98,1,11340,shp_106_3619,11340
98,1,11342,shp_106_3621,11342
98,1,11344,shp_106_3622,11344
98,1,11346,shp_106_3623,11346
98,1,11348,shp_106_3624,11348
98,1,11350,shp_106_3625,11350
98,1,11352,shp_106_3626,11352
98,1,11354,shp_106_3627,11354
98,1,11356,shp_106_3629,11356
980,1,2022,shp_106_3401,2022
980,1,2092,shp_106_3402,2092
980,1,2096,shp_106_3404,2096
980,1,2856,shp_106_3414,2856
980,1,9922,shp_106_3409,9922
980,17,2852,shp_106_3407,2852
980,83,2854,shp_106_3410,2854
980,94,2086,shp_106_3403,2086
980,94,2860,shp_106_3408,2860
982,1,4004,shp_106_2384,4004
982,1,4022,shp_106_2388,4022
985,1,4513,shp_106_2009,4513
987,189,2420,shp_106_2873,2420
988,1,9185,shp_106_3540,9185
988,1,9431,shp_106_3543,9431
988,1,9437,shp_106_3544,9437
988,1,9439,shp_106_3545,9439
989,1,1091,shp_106_2513,1091
99,1,11313,shp_106_1254,11313
99,1,11319,shp_106_1314,11319
99,1,11323,shp_106_1323,11323
990,3,1996,shp_103_2438,1996
993,1,5010,shp_106_2295,5010
993,1,5018,shp_106_2303,5018
993,17,5014,shp_106_2290,5014
994,99,1531,shp_103_3497,1531
995,1,1537,shp_103_3494,1537
998,1,1746,shp_103_2373,1746
